[[43, 47],
[47, 53],
[53, 61],
[61, 71],
[71, 83],
[41, 163],
[41, 167],
[43, 167],
[43, 179],
[83, 97],
[47, 179],
[47, 199],
[53, 199],
[97, 113],
[53, 227],
[61, 227],
[113, 131],
[41, 367],
[41, 373],
[61, 263],
[43, 379],
[43, 397],
[71, 263],
[47, 409],
[131, 151],
[47, 439],
[71, 307],
[53, 457],
[83, 307],
[151, 173],
[53, 499],
[41, 653],
[41, 661],
[43, 677],
[83, 359],
[43, 701],
[61, 523],
[173, 197],
[47, 733],
[97, 359],
[61, 577],
[47, 773],
[97, 419],
[41, 1021],
[41, 1031],
[71, 607],
[53, 821],
[197, 223],
[43, 1061],
[53, 877],
[43, 1091],
[113, 419],
[71, 673],
[47, 1151],
[113, 487],
[223, 251],
[47, 1201],
[61, 941],
[83, 709],
[163, 367],
[41, 1471],
[41, 1483],
[61, 1013],
[167, 373],
[167, 379],
[131, 487],
[83, 787],
[43, 1531],
[43, 1567],
[53, 1291],
[251, 281],
[179, 397],
[53, 1361],
[179, 409],
[131, 563],
[71, 1093],
[47, 1663],
[97, 829],
[47, 1723],
[41, 2003],
[41, 2017],
[71, 1181],
[151, 563],
[199, 439],
[281, 313],
[97, 919],
[43, 2087],
[61, 1481],
[199, 457],
[43, 2129],
[61, 1571],
[151, 647],
[53, 1867],
[53, 1951],
[83, 1277],
[47, 2269],
[41, 2617],
[41, 2633],
[313, 347],
[113, 967],
[47, 2339],
[173, 647],
[227, 499],
[83, 1381],
[43, 2729],
[227, 523],
[43, 2777],
[113, 1069],
[71, 1721],
[173, 739],
[71, 1831],
[61, 2143],
[347, 383],
[53, 2549],
[41, 3313],
[41, 3331],
[61, 2251],
[47, 2969],
[53, 2647],
[47, 3049],
[97, 1493],
[197, 739],
[131, 1123],
[43, 3457],
[43, 3511],
[263, 577],
[97, 1613],
[263, 607],
[383, 421],
[131, 1237],
[197, 839],
[163, 1019],
[83, 2011],
[41, 4091],
[41, 4111],
[167, 1039],
[167, 1049],
[47, 53, 71],
[83, 2141],
[61, 2927],
[47, 3853],
[53, 3449],
[43, 4271],
[43, 61, 71],
[223, 839],
[421, 461],
[151, 1297],
[113, 1741],
[179, 1109],
[179, 1129],
[41, 4951],
[41, 4973],
[307, 673],
[223, 947],
[113, 1877],
[151, 1423],
[307, 709],
[47, 4651],
[43, 5171],
[47, 4751],
[53, 4231],
[43, 5237],
[97, 2351],
[53, 4357],
[461, 503],
[61, 3833],
[251, 947],
[367, 653],
[41, 71, 83],
[41, 61, 97],
[199, 1229],
[373, 661],
[199, 1259],
[71, 3557],
[83, 3067],
[379, 677],
[173, 1489],
[43, 47, 131],
[251, 1063],
[43, 6229],
[47, 5743],
[503, 547],
[53, 5231],
[397, 701],
[173, 1627],
[359, 787],
[41, 6917],
[41, 53, 131],
[61, 4861],
[359, 829],
[281, 1063],
[409, 733],
[61, 5023],
[113, 2741],
[43, 7229],
[43, 7307],
[47, 6709],
[71, 4457],
[227, 1399],
[47, 6829],
[547, 593],
[163, 1997],
[227, 1439],
[41, 71, 113],
[41, 83, 97],
[281, 1187],
[197, 1699],
[53, 6337],
[439, 773],
[167, 2039],
[167, 2053],
[53, 6491],
[83, 4159],
[97, 3583],
[151, 2333],
[43, 8387],
[43, 43, 197],
[61, 6011],
[47, 7879],
[313, 1187],
[367, 1019],
[457, 821],
[47, 8009],
[41, 61, 151],
[41, 9241],
[593, 641],
[419, 919],
[373, 1039],
[179, 2179],
[179, 2207],
[379, 1049],
[53, 7549],
[71, 5653],
[419, 967],
[53, 7717],
[313, 1319],
[43, 9631],
[71, 5851],
[131, 3181],
[43, 9721],
[263, 1619],
[41, 47, 223],
[41, 10513],
[83, 5209],
[47, 9283],
[499, 877],
[263, 1669],
[397, 1109],
[131, 3371],
[641, 691],
[61, 7283],
[113, 3967],
[83, 5417],
[97, 4649],
[61, 7481],
[347, 1319],
[409, 1129],
[173, 2677],
[223, 2089],
[53, 8867],
[43, 97, 113],
[43, 11057],
[53, 9049],
[199, 2417],
[41, 11833],
[41, 11867],
[199, 2459],
[523, 941],
[47, 10501],
[173, 2861],
[71, 6991],
[47, 10651],
[347, 1459],
[71, 7211],
[691, 743],
[487, 1069],
[61, 8677],
[43, 12377],
[43, 12479],
[163, 3301],
[439, 1229],
[61, 8893],
[41, 13267],
[41, 53, 251],
[487, 1123],
[83, 6607],
[151, 3671],
[53, 10487],
[383, 1459],
[47, 11953],
[167, 3373],
[167, 3391],
[83, 6841],
[47, 12113],
[457, 1259],
[307, 1889],
[577, 1013],
[151, 3881],
[251, 2347],
[97, 6089],
[743, 797],
[43, 13879],
[307, 1949],
[43, 71, 197],
[131, 4603],
[41, 14783],
[41, 14821],
[113, 5419],
[97, 6329],
[383, 1607],
[71, 8713],
[61, 10193],
[227, 2753],
[53, 11821],
[131, 4831],
[47, 13499],
[61, 10427],
[53, 53, 227],
[113, 5657],
[197, 3253],
[47, 13669],
[179, 3607],
[179, 3643],
[607, 1093],
[43, 15467],
[653, 1021],
[43, 15581],
[41, 16381],
[41, 16421],
[421, 1607],
[83, 8171],
[797, 853],
[661, 1031],
[281, 2437],
[563, 1237],
[499, 1399],
[83, 8431],
[47, 15139],
[53, 13457],
[71, 10093],
[677, 1061],
[47, 15319],
[61, 11831],
[53, 13681],
[173, 4211],
[563, 1297],
[367, 1999],
[71, 10357],
[43, 61, 281],
[41, 18061],
[41, 43, 421],
[97, 7723],
[523, 1439],
[373, 2027],
[701, 1091],
[173, 4441],
[223, 3461],
[97, 7993],
[853, 911],
[379, 2069],
[47, 47, 359],
[673, 1181],
[199, 4003],
[47, 113, 151],
[163, 4931],
[53, 15199],
[199, 4057],
[41, 43, 461],
[41, 19867],
[43, 53, 359],
[223, 3677],
[83, 9901],
[131, 6287],
[61, 13591],
[113, 7369],
[263, 3187],
[151, 5563],
[71, 71, 167],
[733, 1151],
[61, 83, 167],
[313, 2719],
[397, 2153],
[263, 3257],
[131, 6553],
[71, 12143],
[47, 18701],
[911, 971],
[41, 47, 461],
[41, 21713],
[43, 20747],
[43, 20879],
[53, 17047],
[709, 1277],
[313, 2917],
[409, 2237],
[53, 17299],
[647, 1423],
[97, 9551],
[773, 1201],
[577, 1619],
[61, 15473],
[197, 4801],
[97, 9851],
[367, 2609],
[61, 15761],
[647, 1489],
[179, 5393],
[41, 23593],
[41, 47, 503],
[179, 5437],
[43, 22679],
[71, 13763],
[47, 83, 251],
[43, 22817],
[373, 2657],
[197, 5051],
[71, 14071],
[971, 1033],
[83, 12109],
[53, 19001],
[607, 1669],
[113, 9001],
[379, 2689],
[53, 19267],
[227, 4561],
[251, 4133],
[439, 2377],
[347, 3019],
[41, 25601],
[41, 113, 227],
[173, 6091],
[503, 2099],
[821, 1291],
[43, 24697],
[47, 22639],
[61, 17477],
[43, 24841],
[47, 22859],
[131, 8233],
[419, 2579],
[61, 17783],
[787, 1381],
[151, 7253],
[173, 6367],
[419, 2659],
[53, 21061],
[131, 8537],
[347, 3229],
[71, 97, 163],
[397, 2833],
[53, 21341],
[1033, 1097],
[41, 27691],
[41, 27743],
[151, 7547],
[307, 3719],
[457, 2503],
[71, 16141],
[547, 2099],
[83, 13859],
[43, 26801],
[97, 11903],
[43, 26951],
[47, 24749],
[307, 3803],
[47, 24979],
[167, 7043],
[83, 14197],
[167, 7069],
[409, 2897],
[199, 5987],
[877, 1361],
[61, 19603],
[739, 1627],
[199, 6053],
[223, 5441],
[61, 19927],
[41, 29863],
[41, 29917],
[281, 4373],
[53, 23227],
[829, 1493],
[43, 53, 547],
[43, 29147],
[739, 1699],
[113, 11131],
[47, 26953],
[673, 1889],
[223, 5711],
[1097, 1163],
[47, 71, 383],
[113, 11471],
[281, 4621],
[71, 18353],
[653, 1999],
[41, 32117],
[41, 32173],
[61, 21851],
[83, 16087],
[97, 13789],
[661, 2027],
[43, 31267],
[499, 2699],
[179, 7537],
[43, 53, 593],
[61, 22193],
[179, 7589],
[383, 3559],
[83, 16451],
[53, 131, 197],
[97, 14149],
[47, 29251],
[439, 3137],
[709, 1949],
[47, 29501],
[263, 5281],
[941, 1481],
[677, 2069],
[41, 131, 263],
[41, 34511],
[197, 7243],
[1163, 1231],
[151, 9497],
[173, 8317],
[71, 20333],
[43, 33629],
[43, 33797],
[487, 2999],
[593, 2467],
[71, 20707],
[53, 61, 457],
[919, 1613],
[151, 9833],
[47, 31643],
[53, 163, 173],
[367, 4079],
[47, 61, 523],
[1021, 1471],
[487, 3089],
[701, 2153],
[41, 36871],
[41, 36931],
[113, 13487],
[313, 4877],
[1031, 1483],
[83, 18481],
[251, 6131],
[373, 4139],
[421, 3673],
[227, 6823],
[43, 43, 839],
[43, 36251],
[359, 4349],
[83, 113, 167],
[227, 6911],
[97, 97, 167],
[641, 2467],
[1013, 1571],
[359, 4447],
[379, 4219],
[1231, 1301],
[47, 34129],
[53, 97, 313],
[251, 6421],
[41, 39371],
[41, 47, 839],
[71, 22807],
[1061, 1531],
[53, 30697],
[61, 26713],
[733, 2237],
[421, 3907],
[71, 23203],
[61, 27091],
[43, 38611],
[199, 8369],
[43, 38791],
[199, 8447],
[967, 1741],
[131, 12911],
[641, 2663],
[1091, 1567],
[41, 41953],
[41, 42017],
[47, 36709],
[47, 47, 787],
[131, 13291],
[53, 83, 397],
[223, 7867],
[53, 33301],
[43, 41231],
[43, 83, 499],
[1301, 1373],
[61, 29327],
[179, 10039],
[577, 3119],
[71, 25423],
[179, 10099],
[367, 4933],
[61, 29723],
[113, 16069],
[151, 12043],
[97, 18803],
[223, 8191],
[41, 44617],
[41, 44683],
[71, 25841],
[773, 2377],
[691, 2663],
[47, 39383],
[461, 4027],
[113, 16477],
[47, 97, 409],
[197, 9479],
[373, 5021],
[151, 12421],
[347, 5413],
[1093, 1721],
[173, 10889],
[43, 53, 829],
[307, 6163],
[43, 44129],
[53, 36011],
[1151, 1663],
[163, 11777],
[307, 6271],
[379, 5087],
[281, 6871],
[523, 3697],
[197, 9829],
[41, 47363],
[41, 47431],
[173, 11257],
[563, 3469],
[61, 32063],
[461, 4273],
[83, 23767],
[347, 5693],
[947, 2089],
[47, 61, 691],
[1373, 1447],
[47, 42451],
[71, 28181],
[1069, 1877],
[43, 83, 563],
[167, 12049],
[43, 167, 281],
[607, 3329],
[71, 28621],
[1019, 1997],
[53, 38449],
[131, 15643],
[821, 2503],
[41, 53, 947],
[41, 50261],
[1201, 1723],
[263, 7901],
[97, 21601],
[131, 16061],
[263, 8011],
[47, 45013],
[1039, 2039],
[397, 5351],
[419, 5077],
[47, 61, 743],
[43, 113, 439],
[97, 22051],
[43, 49811],
[1049, 2053],
[61, 35353],
[653, 3307],
[1181, 1831],
[227, 9539],
[419, 5189],
[41, 53101],
[41, 53173],
[113, 19319],
[227, 9643],
[53, 41357],
[1447, 1523],
[71, 31081],
[661, 3343],
[53, 83, 503],
[199, 11149],
[251, 8863],
[199, 11239],
[71, 31543],
[409, 5483],
[151, 14891],
[83, 27127],
[47, 47969],
[43, 52571],
[43, 47, 1123],
[743, 3079],
[383, 5981],
[41, 56093],
[41, 56167],
[179, 12899],
[61, 151, 251],
[179, 12967],
[677, 3433],
[457, 5099],
[61, 38351],
[503, 4657],
[53, 44371],
[877, 2699],
[919, 2579],
[53, 44777],
[577, 4129],
[97, 24593],
[173, 13807],
[43, 55621],
[223, 10739],
[47, 163, 313],
[43, 55837],
[383, 6277],
[1291, 1867],
[47, 51349],
[1109, 2179],
[71, 34123],
[41, 59167],
[41, 59243],
[97, 25073],
[1523, 1601],
[131, 18637],
[197, 12409],
[673, 3637],
[797, 3079],
[71, 34607],
[173, 14221],
[83, 29717],
[113, 21911],
[223, 11117],
[701, 3541],
[1129, 2207],
[1063, 2347],
[61, 131, 313],
[83, 30211],
[167, 15053],
[53, 47491],
[167, 15091],
[197, 12809],
[43, 58757],
[61, 113, 367],
[43, 58979],
[53, 47911],
[47, 54163],
[41, 62323],
[41, 62401],
[47, 54503],
[1277, 2011],
[967, 2659],
[647, 3989],
[359, 7207],
[1063, 2437],
[439, 5923],
[607, 4289],
[373, 6997],
[547, 4789],
[797, 3299],
[359, 7333],
[71, 37307],
[647, 4099],
[1361, 1951],
[1019, 2609],
[43, 61979],
[43, 62207],
[71, 37813],
[41, 53, 1237],
[41, 41, 1601],
[97, 27779],
[47, 61, 941],
[379, 7127],
[53, 51151],
[47, 57751],
[151, 18041],
[61, 61, 733],
[83, 32941],
[97, 28289],
[499, 5519],
[709, 3889],
[1039, 2657],
[547, 5059],
[421, 6581],
[83, 33461],
[281, 9931],
[151, 18503],
[457, 6121],
[43, 65287],
[853, 3299],
[43, 65521],
[1049, 2689],
[41, 68881],
[41, 68963],
[307, 9221],
[113, 25171],
[199, 14327],
[47, 60733],
[53, 54049],
[131, 21893],
[47, 199, 307],
[487, 5903],
[71, 179, 227],
[53, 54497],
[281, 10303],
[179, 16193],
[61, 113, 421],
[263, 11047],
[227, 12829],
[71, 41161],
[163, 17971],
[61, 131, 367],
[487, 6029],
[263, 11177],
[1471, 2003],
[347, 8501],
[43, 173, 397],
[1381, 2141],
[41, 41, 41, 43],
[41, 72367],
[1229, 2417],
[1483, 2017],
[853, 3527],
[47, 83, 773],
[97, 31159],
[1297, 2333],
[47, 173, 373],
[251, 12097],
[53, 57487],
[523, 5839],
[83, 36877],
[53, 167, 347],
[97, 31699],
[167, 18433],
[593, 5197],
[1259, 2459],
[197, 15733],
[43, 72161],
[41, 75767],
[41, 75853],
[43, 61, 1187],
[379, 8243],
[71, 44101],
[223, 14057],
[251, 12503],
[1109, 2833],
[61, 51563],
[409, 7699],
[1013, 3119],
[71, 44651],
[1481, 2143],
[47, 67679],
[197, 16183],
[1531, 2087],
[47, 68059],
[1069, 2999],
[911, 3527],
[653, 4937],
[1187, 2719],
[223, 14489],
[53, 61031],
[113, 28657],
[673, 4817],
[151, 21493],
[593, 5479],
[41, 79333],
[41, 43, 1847],
[53, 61507],
[43, 75979],
[1129, 2897],
[113, 29201],
[661, 5003],
[83, 39887],
[151, 21997],
[461, 7213],
[131, 25411],
[61, 54631],
[1567, 2129],
[787, 4253],
[47, 71293],
[83, 40459],
[499, 6737],
[61, 55171],
[47, 97, 739],
[1021, 3307],
[71, 47711],
[131, 25943],
[41, 82981],
[41, 83071],
[43, 79379],
[43, 97, 821],
[53, 71, 911],
[397, 8663],
[1031, 3343],
[53, 65171],
[739, 4679],
[677, 5113],
[313, 11071],
[1123, 3089],
[461, 7541],
[1493, 2351],
[163, 21557],
[47, 179, 419],
[1571, 2251],
[179, 19777],
[47, 75401],
[709, 5009],
[41, 86711],
[41, 61, 1423],
[199, 17903],
[1847, 1933],
[43, 83117],
[173, 20681],
[43, 199, 419],
[313, 11467],
[61, 58901],
[383, 9391],
[641, 5623],
[439, 8219],
[83, 43609],
[53, 68437],
[409, 8887],
[1093, 3329],
[1061, 3433],
[53, 71, 971],
[113, 32369],
[523, 7001],
[173, 21187],
[83, 44207],
[577, 6379],
[167, 22063],
[167, 22109],
[71, 52057],
[47, 78803],
[227, 16333],
[41, 90523],
[41, 90617],
[47, 113, 701],
[97, 38501],
[43, 227, 383],
[43, 87211],
[829, 4547],
[1663, 2269],
[61, 97, 641],
[281, 13553],
[151, 25247],
[131, 29191],
[61, 62753],
[53, 197, 367],
[563, 6827],
[1319, 2917],
[1399, 2753],
[1229, 3137],
[53, 72817],
[1091, 3541],
[41, 263, 359],
[41, 94513],
[877, 4423],
[47, 82699],
[971, 4007],
[151, 25793],
[131, 29761],
[43, 47, 1933],
[263, 14869],
[43, 91127],
[563, 6967],
[359, 10937],
[71, 197, 281],
[457, 8609],
[83, 47497],
[373, 10601],
[307, 12893],
[503, 7877],
[71, 223, 251],
[1319, 3019],
[1489, 2677],
[83, 48121],
[307, 13049],
[1723, 2339],
[41, 61, 1613],
[41, 98491],
[53, 53, 1439],
[733, 5531],
[53, 61, 1259],
[47, 86689],
[43, 94847],
[223, 18307],
[43, 251, 379],
[47, 87119],
[113, 36307],
[607, 6779],
[97, 42463],
[503, 8221],
[1033, 4007],
[163, 25469],
[113, 36919],
[97, 43093],
[691, 6067],
[41, 102451],
[41, 102551],
[439, 9587],
[71, 59393],
[179, 23627],
[179, 23719],
[43, 98929],
[53, 80341],
[71, 173, 347],
[43, 47, 2111],
[83, 51551],
[61, 61, 1151],
[47, 53, 1721],
[1237, 3469],
[1181, 3637],
[61, 70823],
[367, 11783],
[83, 52201],
[839, 5179],
[421, 10331],
[131, 167, 199],
[173, 25189],
[167, 26119],
[41, 106591],
[41, 106693],
[199, 22003],
[1033, 4259],
[691, 6373],
[347, 12703],
[151, 29303],
[43, 131, 787],
[43, 103391],
[839, 5309],
[47, 94951],
[373, 11987],
[397, 11273],
[53, 84521],
[47, 95401],
[577, 7793],
[941, 4783],
[653, 6899],
[53, 85081],
[71, 151, 421],
[97, 46619],
[773, 5861],
[457, 9923],
[61, 74411],
[41, 110813],
[41, 110917],
[71, 64231],
[919, 4967],
[113, 40471],
[61, 75041],
[97, 47279],
[379, 12157],
[661, 6977],
[43, 107351],
[43, 83, 1297],
[227, 20411],
[197, 23563],
[113, 41117],
[2111, 2203],
[1627, 2861],
[499, 9337],
[47, 99223],
[227, 20563],
[1097, 4259],
[47, 83, 1201],
[547, 8573],
[53, 88807],
[1459, 3229],
[41, 115117],
[41, 115223],
[313, 15107],
[53, 89381],
[197, 24113],
[1867, 2549],
[487, 9781],
[409, 11657],
[1741, 2741],
[43, 61, 1831],
[43, 111997],
[71, 67891],
[61, 163, 487],
[677, 7159],
[743, 6529],
[829, 5857],
[47, 71, 1459],
[313, 15569],
[547, 8933],
[47, 104059],
[41, 119503],
[41, 119611],
[223, 22031],
[131, 37537],
[607, 8123],
[53, 93199],
[97, 50969],
[1097, 4519],
[1277, 3889],
[53, 93787],
[263, 18917],
[281, 17737],
[43, 83, 1399],
[179, 27919],
[131, 38183],
[43, 173, 673],
[97, 51659],
[179, 28019],
[263, 19087],
[223, 22571],
[251, 20071],
[1021, 4943],
[83, 60859],
[2203, 2297],
[113, 113, 397],
[61, 83177],
[47, 167, 647],
[41, 151, 821],
[41, 167, 743],
[47, 108529],
[173, 29537],
[61, 83843],
[281, 18233],
[967, 5303],
[71, 72353],
[1031, 4987],
[113, 45541],
[523, 9857],
[1619, 3187],
[1951, 2647],
[251, 20593],
[1013, 5107],
[53, 151, 647],
[701, 7393],
[43, 71, 1699],
[383, 13567],
[43, 120947],
[53, 98299],
[461, 11321],
[199, 26249],
[2003, 2617],
[199, 26387],
[1163, 4519],
[41, 128521],
[41, 307, 419],
[47, 112603],
[2017, 2633],
[47, 113093],
[1439, 3697],
[307, 17359],
[419, 12763],
[61, 87743],
[409, 13109],
[383, 14011],
[83, 64709],
[43, 97, 1291],
[61, 88427],
[43, 125551],
[367, 14723],
[461, 11731],
[359, 15077],
[53, 102301],
[83, 65437],
[1669, 3257],
[499, 10903],
[53, 97, 1061],
[41, 133153],
[41, 71, 1877],
[439, 12457],
[359, 15259],
[2297, 2393],
[47, 117251],
[71, 131, 593],
[197, 28069],
[47, 117751],
[947, 5849],
[1163, 4787],
[373, 14951],
[43, 163, 797],
[113, 49477],
[43, 130241],
[131, 42787],
[709, 7919],
[61, 92431],
[197, 28669],
[41, 137867],
[41, 137983],
[227, 24943],
[53, 113, 947],
[1423, 3989],
[61, 93133],
[733, 7757],
[2087, 2729],
[227, 25111],
[53, 107641],
[1607, 3559],
[47, 121993],
[593, 9677],
[1091, 5273],
[47, 122503],
[83, 69427],
[379, 15217],
[151, 38321],
[43, 134681],
[71, 81703],
[43, 135017],
[173, 33587],
[347, 16759],
[83, 70181],
[179, 32569],
[877, 6653],
[97, 60251],
[41, 179, 797],
[41, 71, 2011],
[167, 35083],
[167, 35141],
[1381, 4253],
[151, 38993],
[1231, 4787],
[1607, 3673],
[2129, 2777],
[97, 61001],
[173, 34231],
[53, 111827],
[61, 97241],
[523, 11351],
[223, 26687],
[457, 13033],
[47, 53, 2393],
[61, 97961],
[1019, 5869],
[47, 347, 367],
[653, 9181],
[43, 139537],
[43, 43, 3253],
[1361, 4423],
[919, 6577],
[41, 147541],
[41, 147661],
[1093, 5557],
[223, 27281],
[1489, 4099],
[673, 9091],
[113, 54319],
[71, 131, 661],
[83, 74311],
[199, 31019],
[1069, 5779],
[53, 313, 373],
[47, 131759],
[71, 199, 439],
[43, 144479],
[47, 263, 503],
[53, 113, 1039],
[43, 251, 577],
[61, 83, 1231],
[131, 47653],
[41, 152501],
[41, 152623],
[263, 23831],
[2143, 2927],
[61, 102911],
[421, 14923],
[773, 8147],
[397, 15901],
[281, 22483],
[97, 65183],
[1049, 6037],
[313, 20297],
[563, 11311],
[251, 25391],
[379, 16829],
[163, 39161],
[97, 65963],
[853, 7507],
[1151, 5581],
[43, 47, 3181],
[503, 12791],
[677, 9511],
[43, 149861],
[641, 10061],
[47, 53, 2591],
[41, 157543],
[41, 157667],
[563, 11491],
[281, 23041],
[421, 15391],
[53, 122449],
[197, 32969],
[71, 91621],
[151, 43283],
[61, 107227],
[71, 92413],
[2141, 3067],
[61, 83, 1301],
[1997, 3301],
[967, 6833],
[197, 33619],
[739, 8969],
[151, 43997],
[43, 154621],
[83, 80167],
[43, 154981],
[41, 47, 3461],
[41, 173, 941],
[1619, 4129],
[457, 14639],
[47, 167, 853],
[641, 10453],
[167, 40153],
[113, 59387],
[409, 16433],
[53, 179, 709],
[2269, 2969],
[179, 37693],
[739, 9137],
[53, 127597],
[307, 22079],
[1493, 4547],
[173, 173, 227],
[113, 60169],
[131, 52021],
[97, 70309],
[227, 30113],
[307, 22283],
[787, 8699],
[61, 112403],
[43, 71, 2251],
[2039, 3373],
[41, 167873],
[41, 43, 3907],
[97, 71119],
[61, 113177],
[47, 131, 1123],
[701, 9871],
[71, 97607],
[47, 147673],
[607, 11443],
[1301, 5347],
[2053, 3391],
[1201, 5801],
[2591, 2693],
[1063, 6569],
[53, 132151],
[397, 17669],
[83, 83, 1019],
[1889, 3719],
[1181, 5953],
[53, 132851],
[499, 14153],
[1481, 4783],
[83, 223, 383],
[1109, 6397],
[41, 43, 4027],
[41, 173291],
[43, 165479],
[487, 14633],
[2339, 3049],
[821, 8693],
[1063, 6719],
[1669, 4289],
[47, 152419],
[61, 117701],
[47, 152989],
[199, 36187],
[359, 20089],
[487, 14831],
[61, 118493],
[163, 199, 223],
[367, 19739],
[71, 102107],
[1471, 4943],
[577, 12611],
[53, 359, 383],
[1039, 7019],
[71, 113, 911],
[41, 178531],
[41, 53, 3371],
[43, 151, 1129],
[97, 75629],
[1373, 5347],
[43, 170857],
[547, 13451],
[419, 17599],
[1483, 4987],
[113, 65497],
[1949, 3803],
[47, 97, 1627],
[409, 18149],
[47, 151, 1049],
[419, 17807],
[83, 89959],
[373, 20047],
[691, 10853],
[61, 123121],
[131, 57373],
[2693, 2797],
[83, 197, 461],
[41, 251, 733],
[41, 184117],
[61, 123931],
[43, 175937],
[53, 142949],
[43, 176321],
[167, 45433],
[167, 173, 263],
[547, 13901],
[347, 21929],
[53, 143677],
[131, 58171],
[911, 8377],
[71, 107563],
[263, 29101],
[47, 197, 829],
[2089, 3677],
[179, 42943],
[71, 108421],
[47, 251, 653],
[179, 43067],
[439, 17573],
[173, 44657],
[379, 20399],
[1373, 5639],
[461, 16843],
[41, 189517],
[41, 189653],
[691, 11261],
[1013, 7687],
[43, 347, 523],
[281, 27791],
[43, 181871],
[313, 25057],
[61, 128663],
[2179, 3607],
[53, 97, 1531],
[661, 11933],
[61, 129491],
[53, 149249],
[367, 21569],
[83, 95507],
[113, 70201],
[47, 168901],
[1699, 4679],
[97, 82013],
[47, 169501],
[281, 28411],
[607, 13171],
[41, 83, 2351],
[41, 195271],
[1613, 4967],
[499, 16067],
[1571, 5107],
[113, 227, 313],
[71, 113161],
[2207, 3643],
[43, 187111],
[43, 187507],
[227, 35569],
[1291, 6263],
[71, 114041],
[877, 9239],
[2797, 2903],
[163, 49919],
[1999, 4079],
[1447, 5639],
[53, 151, 1021],
[1069, 7649],
[373, 21937],
[61, 134327],
[47, 174583],
[53, 154927],
[41, 47, 4273],
[41, 200971],
[61, 135173],
[131, 62987],
[1567, 5273],
[1237, 6689],
[677, 12239],
[43, 151, 1277],
[1109, 7487],
[43, 199, 971],
[223, 37337],
[1031, 8087],
[199, 41927],
[131, 63823],
[787, 10631],
[2027, 4139],
[457, 18371],
[83, 101221],
[647, 13003],
[773, 10891],
[97, 86851],
[379, 22259],
[71, 118901],
[397, 21323],
[41, 307, 673],
[41, 47, 53, 83],
[223, 38039],
[47, 71, 2549],
[97, 87751],
[53, 160711],
[167, 51109],
[43, 307, 647],
[61, 167, 839],
[43, 199037],
[2333, 3671],
[421, 20357],
[113, 173, 439],
[1447, 5939],
[61, 140977],
[1129, 7643],
[593, 14591],
[197, 43951],
[971, 8923],
[2617, 3313],
[743, 11677],
[113, 76831],
[839, 10369],
[41, 179, 1187],
[41, 173, 1229],
[2069, 4219],
[179, 48799],
[2903, 3011],
[47, 186229],
[523, 16747],
[2633, 3331],
[47, 186859],
[53, 165817],
[43, 204517],
[421, 20903],
[197, 44701],
[43, 204931],
[1061, 8311],
[53, 166601],
[71, 124783],
[701, 12647],
[83, 107101],
[1187, 7499],
[61, 146021],
[1123, 7937],
[71, 125707],
[593, 15061],
[1361, 6571],
[41, 218417],
[41, 61, 3583],
[83, 108037],
[503, 17851],
[251, 35797],
[743, 12101],
[97, 92753],
[1093, 8237],
[409, 22027],
[131, 68863],
[47, 192193],
[1523, 5939],
[43, 210491],
[151, 59981],
[47, 192833],
[43, 210911],
[97, 93683],
[163, 55787],
[1889, 4817],
[53, 171799],
[1259, 7237],
[263, 34667],
[2647, 3449],
[131, 69737],
[53, 172597],
[251, 36493],
[263, 34897],
[151, 60821],
[829, 11093],
[41, 224443],
[41, 224591],
[1297, 7109],
[1741, 5303],
[503, 18367],
[113, 81919],
[457, 20269],
[359, 25819],
[61, 383, 397],
[1663, 5581],
[71, 130807],
[43, 216551],
[47, 198251],
[43, 61, 3557],
[919, 10159],
[1091, 8563],
[47, 198901],
[71, 359, 367],
[113, 82837],
[227, 41263],
[941, 9967],
[83, 113147],
[3011, 3121],
[1033, 9109],
[227, 41479],
[53, 177887],
[2729, 3457],
[577, 16361],
[41, 230551],
[41, 281, 821],
[53, 83, 2153],
[709, 13367],
[199, 47717],
[383, 24809],
[1523, 6247],
[563, 16921],
[199, 47903],
[167, 57119],
[167, 57193],
[1721, 5557],
[43, 43, 5179],
[97, 98849],
[43, 223129],
[47, 47, 4349],
[1381, 6961],
[653, 14731],
[173, 55639],
[47, 205063],
[347, 27793],
[61, 281, 563],
[373, 25889],
[223, 43331],
[2417, 4003],
[97, 99809],
[313, 30971],
[2347, 4133],
[41, 61, 3881],
[41, 236893],
[733, 13259],
[71, 136973],
[2777, 3511],
[53, 184081],
[1949, 5009],
[173, 56467],
[2099, 4657],
[71, 137941],
[53, 179, 1033],
[409, 24007],
[131, 179, 419],
[223, 44087],
[43, 228929],
[197, 50033],
[43, 347, 661],
[1999, 4937],
[47, 313, 673],
[83, 119359],
[419, 23689],
[47, 211319],
[131, 75913],
[113, 88117],
[41, 487, 499],
[41, 243167],
[2459, 4057],
[379, 26339],
[83, 151, 797],
[1723, 5801],
[1601, 6247],
[197, 50833],
[61, 164477],
[2099, 4789],
[113, 89069],
[487, 20693],
[53, 61, 3121],
[163, 61981],
[43, 367, 641],
[151, 67033],
[43, 53, 4447],
[2027, 5003],
[1471, 6907],
[71, 143281],
[1229, 8293],
[47, 97, 2237],
[41, 249367],
[41, 47, 5309],
[71, 144271],
[461, 22303],
[97, 106129],
[1483, 6959],
[677, 15263],
[797, 12973],
[439, 23567],
[307, 33721],
[1151, 9011],
[43, 241651],
[43, 242101],
[61, 170873],
[53, 307, 641],
[83, 125737],
[967, 10799],
[373, 28031],
[53, 197641],
[61, 171827],
[41, 255803],
[41, 255961],
[47, 223423],
[1601, 6563],
[607, 17321],
[83, 126751],
[47, 224113],
[461, 22877],
[251, 42043],
[2069, 5113],
[1181, 8963],
[167, 63463],
[167, 63541],
[1097, 9679],
[547, 19423],
[71, 149731],
[1481, 7187],
[2437, 4373],
[131, 81401],
[43, 248141],
[1021, 10457],
[113, 94541],
[43, 248597],
[71, 150743],
[577, 18583],
[173, 62017],
[1259, 8527],
[251, 42797],
[41, 262321],
[41, 199, 1319],
[53, 263, 773],
[379, 28447],
[131, 82351],
[113, 95527],
[199, 54277],
[47, 227, 1013],
[53, 61, 3347],
[97, 111623],
[47, 263, 877],
[1877, 5779],
[227, 47843],
[2741, 3967],
[61, 173, 1031],
[947, 11503],
[1831, 5953],
[709, 15383],
[547, 19963],
[97, 112643],
[397, 27539],
[1237, 8849],
[43, 179, 1423],
[151, 72623],
[43, 255179],
[83, 179, 739],
[1319, 8329],
[523, 21031],
[1531, 7193],
[41, 268921],
[41, 41, 6563],
[1097, 10069],
[83, 133321],
[947, 11699],
[499, 22229],
[71, 223, 701],
[151, 73547],
[47, 236573],
[53, 209917],
[197, 56509],
[739, 15073],
[47, 237283],
[163, 68501],
[53, 71, 2969],
[421, 26633],
[2927, 3833],
[61, 184031],
[43, 261379],
[457, 24623],
[43, 261847],
[281, 40093],
[2677, 4211],
[223, 50581],
[61, 185021],
[41, 197, 1399],
[41, 275767],
[1201, 9431],
[1493, 7591],
[439, 25847],
[919, 12413],
[47, 113, 2153],
[853, 13421],
[47, 244009],
[97, 281, 421],
[53, 216641],
[1567, 7349],
[43, 53, 5059],
[83, 131, 1061],
[43, 113, 2377],
[41, 41, 71, 97],
[41, 359, 787],
[3347, 3463],
[83, 140057],
[409, 28439],
[61, 190793],
[71, 164113],
[131, 89051],
[359, 32533],
[1867, 6263],
[61, 191801],
[167, 70141],
[1997, 5869],
[167, 70223],
[367, 31973],
[313, 37511],
[3049, 3853],
[47, 383, 653],
[691, 17021],
[47, 250829],
[607, 19433],
[43, 274961],
[853, 13877],
[43, 53, 5197],
[397, 29851],
[41, 289213],
[41, 289381],
[53, 173, 1297],
[1439, 8269],
[1571, 7583],
[347, 34351],
[1163, 10267],
[313, 38237],
[151, 79397],
[1019, 11779],
[383, 31357],
[661, 18211],
[173, 69661],
[61, 197677],
[71, 169933],
[47, 257003],
[83, 199, 733],
[47, 373, 691],
[43, 61, 4621],
[523, 23189],
[151, 80363],
[41, 43, 71, 97],
[41, 199, 1489],
[347, 35051],
[179, 67987],
[1091, 11161],
[83, 179, 821],
[53, 113, 2039],
[2089, 5849],
[97, 251, 503],
[457, 26813],
[53, 231331],
[163, 75347],
[1277, 9623],
[113, 109121],
[227, 54413],
[2237, 5531],
[2053, 6037],
[3463, 3581],
[47, 227, 1163],
[43, 307, 941],
[41, 303151],
[41, 303323],
[43, 47, 47, 131],
[251, 49603],
[61, 197, 1039],
[593, 21067],
[307, 40739],
[967, 12941],
[379, 33037],
[61, 409, 503],
[2753, 4561],
[71, 176951],
[263, 47797],
[131, 96013],
[53, 367, 647],
[419, 30137],
[53, 223, 1069],
[71, 263, 677],
[1093, 11579],
[197, 64279],
[83, 152909],
[2861, 4441],
[1049, 12119],
[41, 310243],
[41, 43, 7219],
[47, 419, 647],
[43, 296477],
[3067, 4159],
[2503, 5099],
[47, 271853],
[83, 154027],
[1951, 6571],
[97, 223, 593],
[673, 19081],
[2609, 4933],
[167, 77153],
[167, 77239],
[61, 211811],
[97, 133349],
[829, 15629],
[53, 244597],
[61, 212873],
[1663, 7817],
[373, 34871],
[41, 53, 53, 113],
[41, 317593],
[43, 303157],
[1291, 10103],
[43, 151, 2011],
[911, 14341],
[71, 184111],
[47, 278279],
[2579, 5077],
[47, 173, 1613],
[113, 116257],
[71, 185233],
[1459, 9029],
[1399, 9437],
[151, 87481],
[281, 47087],
[3581, 3701],
[2719, 4877],
[487, 27259],
[173, 76777],
[83, 160117],
[41, 324673],
[41, 563, 577],
[1847, 7219],
[2657, 5021],
[43, 53, 5857],
[61, 439, 499],
[43, 310931],
[83, 131, 1231],
[53, 252817],
[487, 27529],
[379, 35393],
[47, 285559],
[61, 220141],
[1459, 9209],
[163, 179, 461],
[47, 281, 1019],
[563, 23917],
[179, 75307],
[911, 14813],
[773, 17467],
[2467, 5479],
[131, 103237],
[97, 199, 701],
[787, 17203],
[3313, 4091],
[199, 68219],
[1151, 11801],
[71, 191413],
[743, 18311],
[41, 332011],
[41, 332191],
[97, 140639],
[43, 317771],
[71, 192557],
[2689, 5087],
[43, 318287],
[3331, 4111],
[397, 34549],
[1063, 12917],
[53, 259211],
[461, 29833],
[47, 292933],
[53, 260191],
[2659, 5189],
[47, 293723],
[61, 226433],
[2003, 6907],
[113, 122497],
[877, 15809],
[2467, 5623],
[61, 227531],
[1231, 11287],
[83, 167491],
[41, 197, 1723],
[41, 339613],
[2377, 5861],
[2179, 6397],
[1063, 13127],
[1847, 7559],
[113, 123619],
[43, 313, 1039],
[83, 227, 743],
[43, 325729],
[1439, 9749],
[2017, 6959],
[227, 61933],
[251, 56041],
[1123, 12539],
[653, 21587],
[197, 71593],
[167, 84499],
[47, 71, 4231],
[167, 84589],
[53, 266677],
[3701, 3823],
[47, 359, 839],
[151, 93851],
[53, 267671],
[71, 200023],
[421, 33751],
[41, 346933],
[41, 313, 1109],
[97, 146953],
[359, 39727],
[61, 223, 1049],
[251, 56911],
[43, 332729],
[1627, 8803],
[43, 151, 2207],
[61, 235043],
[709, 20233],
[839, 17107],
[131, 109621],
[97, 148123],
[1721, 8353],
[367, 39191],
[173, 83227],
[347, 41603],
[661, 21863],
[1013, 14281],
[47, 223, 1381],
[1423, 10177],
[547, 26489],
[439, 33023],
[131, 263, 421],
[47, 308773],
[83, 383, 457],
[41, 53, 6689],
[41, 354703],
[1361, 10691],
[173, 84239],
[263, 55441],
[53, 409, 673],
[641, 22783],
[1933, 7559],
[83, 176227],
[43, 340337],
[3181, 4603],
[43, 71, 4801],
[499, 29389],
[163, 90017],
[307, 47819],
[1181, 12437],
[113, 130051],
[347, 42373],
[1129, 13037],
[61, 241543],
[71, 397, 523],
[1201, 12281],
[3457, 4271],
[307, 48119],
[179, 82657],
[61, 242677],
[383, 38671],
[607, 24413],
[113, 179, 733],
[47, 547, 577],
[41, 373, 971],
[41, 362371],
[47, 316439],
[2699, 5519],
[2141, 6961],
[829, 17987],
[53, 281927],
[1301, 11497],
[43, 348031],
[641, 23371],
[43, 348571],
[53, 97, 2917],
[2087, 7193],
[3449, 4357],
[199, 75553],
[1021, 14741],
[199, 75787],
[3823, 3947],
[97, 155801],
[1619, 9349],
[677, 22369],
[2833, 5351],
[41, 83, 4457],
[41, 370121],
[821, 18493],
[47, 323369],
[61, 71, 3511],
[47, 324199],
[83, 183959],
[61, 250433],
[1933, 7907],
[71, 215381],
[43, 355811],
[43, 367, 971],
[151, 101531],
[379, 40493],
[53, 281, 1031],
[131, 117331],
[167, 92179],
[2143, 7187],
[53, 167, 1741],
[2347, 6569],
[197, 78301],
[1069, 14437],
[41, 377761],
[41, 151, 2503],
[1301, 11923],
[131, 118471],
[47, 331213],
[113, 137831],
[281, 55511],
[47, 332053],
[409, 38177],
[197, 79301],
[43, 363677],
[2129, 7349],
[43, 457, 797],
[1489, 10529],
[61, 257141],
[113, 139021],
[173, 90989],
[227, 69379],
[61, 97, 2663],
[71, 222041],
[53, 297601],
[419, 37663],
[919, 17189],
[41, 227, 1699],
[41, 83, 4649],
[53, 298651],
[373, 42457],
[71, 223273],
[97, 163673],
[2897, 5483],
[419, 37967],
[83, 173, 1109],
[47, 339151],
[163, 97841],
[43, 47, 7907],
[1607, 9949],
[43, 223, 1669],
[251, 63793],
[503, 31849],
[941, 17033],
[523, 30677],
[3947, 4073],
[709, 22697],
[797, 20201],
[41, 393667],
[41, 393863],
[2663, 6067],
[61, 265123],
[1831, 8837],
[53, 305597],
[179, 90529],
[223, 72739],
[179, 90709],
[61, 251, 1061],
[53, 306661],
[701, 23197],
[3301, 4931],
[3371, 4831],
[1607, 10139],
[47, 347183],
[43, 379667],
[71, 379, 607],
[3019, 5413],
[43, 380231],
[47, 348043],
[503, 32537],
[2437, 6719],
[1867, 8779],
[131, 125303],
[71, 313, 739],
[3253, 5051],
[773, 21277],
[41, 401743],
[41, 113, 3557],
[83, 198647],
[97, 151, 1129],
[131, 126481],
[263, 63031],
[2333, 7109],
[83, 199921],
[113, 199, 739],
[53, 313699],
[97, 263, 653],
[61, 199, 1373],
[43, 387791],
[53, 314777],
[313, 53327],
[43, 47, 8263],
[151, 110647],
[167, 100193],
[47, 61, 5839],
[167, 100291],
[1093, 15331],
[439, 38189],
[1493, 11251],
[41, 409901],
[41, 397, 1033],
[3187, 5281],
[1123, 15031],
[71, 238207],
[1237, 13679],
[2579, 6577],
[691, 24571],
[359, 47317],
[71, 71, 3373],
[197, 86353],
[43, 396001],
[593, 28729],
[461, 36973],
[43, 396577],
[53, 487, 661],
[2251, 7583],
[47, 363529],
[1291, 13241],
[359, 47639],
[4073, 4201],
[53, 322999],
[47, 307, 1187],
[41, 173, 2417],
[41, 418343],
[1481, 11587],
[61, 83, 3391],
[347, 49549],
[1091, 15767],
[487, 35339],
[197, 87403],
[307, 56113],
[61, 282677],
[499, 34589],
[1373, 12577],
[83, 163, 1277],
[367, 47143],
[97, 173, 1033],
[1471, 11807],
[43, 461, 877],
[1187, 14653],
[691, 25183],
[43, 113, 3583],
[593, 29387],
[2111, 8263],
[97, 179999],
[47, 371843],
[41, 347, 1229],
[41, 131, 3257],
[53, 71, 4651],
[47, 372733],
[113, 155327],
[53, 421, 787],
[71, 383, 647],
[227, 77543],
[967, 18229],
[281, 62761],
[131, 134753],
[1483, 11909],
[227, 77839],
[61, 179, 1619],
[2999, 5903],
[179, 98947],
[2269, 7817],
[43, 563, 733],
[61, 291043],
[1877, 9463],
[43, 413267],
[647, 27479],
[151, 117797],
[2459, 7237],
[41, 434867],
[41, 223, 1951],
[2351, 7591],
[83, 373, 577],
[47, 380251],
[409, 43717],
[421, 42491],
[281, 63691],
[383, 46751],
[47, 563, 677],
[53, 397, 853],
[2699, 6653],
[151, 118973],
[83, 83, 2609],
[53, 339761],
[439, 41077],
[947, 19051],
[223, 81017],
[251, 72047],
[71, 254941],
[43, 421147],
[673, 26921],
[167, 108541],
[43, 421741],
[167, 108643],
[97, 187133],
[2659, 6833],
[41, 443353],
[41, 443561],
[61, 71, 4201],
[2111, 8627],
[457, 39869],
[47, 61, 6373],
[97, 199, 947],
[1259, 14533],
[3853, 4751],
[47, 389663],
[199, 251, 367],
[113, 162527],
[3229, 5693],
[1021, 18013],
[53, 347167],
[2003, 9199],
[853, 21611],
[53, 379, 919],
[43, 429701],
[1013, 18257],
[43, 43, 10007],
[113, 163819],
[1447, 12799],
[41, 451921],
[41, 452131],
[83, 223757],
[3137, 5923],
[131, 173, 821],
[3089, 6029],
[3833, 4861],
[2657, 7019],
[163, 114467],
[47, 197, 2017],
[83, 225109],
[71, 263521],
[47, 61, 6529],
[499, 37547],
[1031, 18181],
[131, 143287],
[1297, 14479],
[263, 71437],
[61, 308141],
[71, 173, 1531],
[3461, 5441],
[43, 438341],
[53, 355799],
[43, 263, 1669],
[41, 460571],
[41, 197, 2339],
[53, 356947],
[1627, 11633],
[1361, 13913],
[373, 50789],
[547, 34649],
[1097, 17293],
[97, 195751],
[2203, 8627],
[409, 46489],
[523, 36389],
[313, 60887],
[47, 151, 2689],
[1151, 16603],
[97, 197101],
[47, 406969],
[1447, 13249],
[701, 27361],
[179, 107347],
[43, 447067],
[41, 469303],
[41, 43, 61, 179],
[151, 127601],
[419, 46027],
[83, 232459],
[53, 364537],
[61, 71, 4463],
[113, 313, 547],
[53, 365699],
[1571, 12343],
[83, 233837],
[71, 419, 653],
[3607, 5393],
[457, 42643],
[47, 113, 3671],
[47, 379, 1097],
[1229, 15907],
[227, 86161],
[167, 117223],
[167, 117329],
[41, 43, 11119],
[41, 577, 829],
[43, 227, 2011],
[743, 26431],
[1181, 16651],
[1567, 12589],
[1613, 12241],
[131, 150791],
[307, 64373],
[223, 88661],
[773, 25589],
[53, 61, 6121],
[3643, 5437],
[2203, 8999],
[97, 204563],
[53, 374557],
[607, 32719],
[61, 307, 1061],
[3119, 6379],
[47, 641, 661],
[131, 152083],
[941, 21191],
[787, 25349],
[47, 71, 5981],
[41, 487013],
[41, 97, 5023],
[43, 464777],
[43, 223, 2087],
[199, 100609],
[83, 241327],
[71, 282493],
[199, 281, 359],
[1381, 14543],
[163, 123269],
[1019, 19727],
[743, 27067],
[173, 116351],
[83, 242731],
[673, 29989],
[347, 58189],
[359, 56269],
[709, 28517],
[397, 50951],
[4091, 4951],
[53, 382331],
[251, 80803],
[967, 20983],
[503, 40357],
[53, 383521],
[41, 47, 61, 173],
[41, 496211],
[113, 281, 641],
[43, 473761],
[47, 433633],
[2719, 7499],
[43, 474391],
[61, 197, 1699],
[151, 135271],
[4111, 4973],
[911, 22481],
[367, 55829],
[113, 347, 523],
[4463, 4597],
[1523, 13477],
[251, 81847],
[439, 46817],
[1259, 16339],
[71, 290113],
[1889, 10909],
[151, 136531],
[197, 104789],
[1237, 16703],
[2297, 8999],
[503, 41131],
[71, 291521],
[41, 505051],
[41, 97, 5209],
[53, 391387],
[43, 47, 10273],
[83, 250361],
[43, 483467],
[2129, 9769],
[47, 53, 8353],
[179, 116293],
[1997, 10433],
[97, 179, 1201],
[677, 30829],
[61, 342451],
[83, 251791],
[1039, 20123],
[131, 159811],
[383, 54709],
[61, 343801],
[1091, 19231],
[3677, 5711],
[733, 28661],
[911, 23071],
[461, 45691],
[41, 167, 3079],
[41, 514417],
[167, 126349],
[131, 161141],
[263, 80369],
[43, 373, 1319],
[877, 24133],
[839, 25237],
[43, 492629],
[47, 450899],
[2833, 7487],
[53, 263, 1523],
[47, 451879],
[71, 299261],
[421, 50513],
[53, 383, 1049],
[487, 43781],
[1163, 18341],
[71, 300691],
[1069, 19997],
[113, 189257],
[839, 25523],
[461, 46511],
[61, 351653],
[41, 523417],
[41, 397, 1319],
[487, 44123],
[3967, 5419],
[409, 52583],
[61, 353021],
[83, 113, 2297],
[43, 501229],
[43, 163, 3079],
[3881, 5563],
[2143, 10079],
[97, 367, 607],
[227, 95233],
[47, 421, 1093],
[499, 43397],
[83, 261017],
[47, 461143],
[227, 95561],
[1471, 14753],
[173, 125497],
[53, 409817],
[2039, 10657],
[97, 224209],
[4597, 4733],
[53, 411049],
[223, 97777],
[151, 144461],
[1949, 11197],
[41, 199, 2677],
[41, 532951],
[379, 57679],
[313, 69931],
[199, 110039],
[71, 308551],
[173, 126739],
[43, 439, 1163],
[1019, 21563],
[43, 511211],
[829, 26539],
[71, 151, 2053],
[61, 360977],
[1483, 14867],
[223, 98911],
[47, 469501],
[4271, 5171],
[61, 362363],
[47, 470501],
[2141, 10333],
[4231, 5231],
[2897, 7643],
[131, 169093],
[1663, 13337],
[313, 70921],
[53, 419191],
[41, 542111],
[41, 197, 2753],
[821, 27107],
[53, 593, 709],
[83, 268927],
[131, 373, 457],
[3559, 6277],
[43, 519971],
[2549, 8779],
[43, 520631],
[1423, 15739],
[701, 31963],
[653, 34327],
[83, 113, 2393],
[197, 114073],
[179, 125597],
[1481, 15193],
[47, 478943],
[97, 179, 1297],
[4159, 5417],
[47, 479953],
[3329, 6779],
[71, 317983],
[307, 73571],
[61, 370423],
[113, 251, 797],
[41, 551581],
[41, 551813],
[167, 135589],
[97, 167, 1399],
[281, 80683],
[61, 71, 5237],
[1601, 14173],
[307, 73943],
[53, 428671],
[593, 38329],
[1063, 21391],
[409, 55619],
[43, 529471],
[53, 429931],
[43, 530137],
[563, 40507],
[3307, 6899],
[1039, 21977],
[1741, 13121],
[1277, 17911],
[251, 91163],
[3719, 6163],
[2999, 7649],
[47, 661, 739],
[281, 81737],
[563, 40847],
[41, 47, 11939],
[41, 561367],
[1063, 21661],
[379, 60779],
[4733, 4871],
[577, 39989],
[83, 278459],
[163, 141851],
[797, 29023],
[419, 55229],
[691, 33503],
[1721, 13463],
[43, 61, 8837],
[739, 31379],
[1013, 22901],
[43, 539729],
[53, 53, 8269],
[83, 279967],
[151, 153953],
[71, 327557],
[61, 381413],
[971, 23971],
[53, 419, 1049],
[499, 46703],
[773, 30161],
[3343, 6977],
[173, 134989],
[71, 329053],
[2393, 9767],
[1151, 20323],
[41, 131, 4357],
[41, 47, 12149],
[359, 65239],
[347, 67523],
[647, 36229],
[97, 151, 1601],
[47, 499139],
[1531, 15361],
[113, 208207],
[359, 65617],
[1999, 11789],
[173, 136277],
[131, 180043],
[43, 97, 5657],
[1493, 15817],
[43, 263, 2089],
[691, 34217],
[647, 36559],
[2269, 10429],
[3469, 6827],
[113, 209669],
[263, 90197],
[457, 51929],
[53, 199, 2251],
[61, 347, 1123],
[227, 104759],
[41, 199, 2917],
[41, 53, 10957],
[1109, 21487],
[3803, 6271],
[61, 227, 1723],
[47, 523, 971],
[1439, 16607],
[1231, 19421],
[47, 83, 6131],
[223, 107339],
[71, 367, 919],
[397, 60343],
[4003, 5987],
[3119, 7687],
[43, 547, 1021],
[1291, 18617],
[43, 83, 6737],
[71, 338791],
[1889, 12739],
[2617, 9199],
[677, 35603],
[197, 122501],
[3673, 6581],
[41, 223, 2647],
[41, 179, 3299],
[2027, 11959],
[179, 135479],
[53, 167, 2741],
[167, 145391],
[673, 36107],
[47, 53, 9767],
[61, 399493],
[47, 197, 2633],
[97, 251533],
[4871, 5011],
[43, 43, 13217],
[941, 25981],
[61, 547, 733],
[43, 569021],
[1031, 23761],
[3089, 7937],
[97, 253063],
[4057, 6053],
[3433, 7159],
[1231, 19973],
[41, 383, 1567],
[41, 600403],
[113, 218021],
[71, 347131],
[1129, 21839],
[131, 188443],
[163, 151631],
[151, 373, 439],
[83, 298021],
[1489, 16619],
[71, 348671],
[3299, 7507],
[787, 31481],
[53, 467651],
[47, 527563],
[113, 219517],
[2179, 11393],
[47, 528623],
[53, 468967],
[43, 83, 6967],
[131, 189887],
[43, 578957],
[313, 79601],
[151, 165133],
[61, 383, 1069]]
