45 2021, [43, 47]
50 2491, [47, 53]
57 3233, [53, 61]
66 4331, [61, 71]
77 5893, [71, 83]
82 6683, [41, 163]
83 6847, [41, 167]
85 7181, [43, 167]
88 7697, [43, 179]
90 8051, [83, 97]
92 8413, [47, 179]
97 9353, [47, 199]
103 10547, [53, 199]
105 10961, [97, 113]
110 12031, [53, 227]
118 13847, [61, 227]
122 14803, [113, 131]
123 15047, [41, 367]
124 15293, [41, 373]
127 16043, [61, 263]
128 16297, [43, 379]
131 17071, [43, 397]
137 18673, [71, 263]
139 19223, [47, 409]
141 19781, [131, 151]
144 20633, [47, 439]
148 21797, [71, 307]
156 24221, [53, 457]
160 25481, [83, 307]
162 26123, [151, 173]
163 26447, [53, 499]
164 26773, [41, 653]
165 27101, [41, 661]
171 29111, [43, 677]
173 29797, [83, 359]
174 30143, [43, 701]
179 31903, [61, 523]
185 34081, [173, 197]
186 34451, [47, 733]
187 34823, [97, 359]
188 35197, [61, 577]
191 36331, [47, 773]
202 40643, [97, 419]
205 41861, [41, 1021]
206 42271, [41, 1031]
208 43097, [71, 607]
209 43513, [53, 821]
210 43931, [197, 223]
214 45623, [43, 1061]
216 46481, [53, 877]
217 46913, [43, 1091]
218 47347, [113, 419]
219 47783, [71, 673]
233 54097, [47, 1151]
235 55031, [113, 487]
237 55973, [223, 251]
238 56447, [47, 1201]
240 57401, [61, 941]
243 58847, [83, 709]
245 59821, [163, 367]
246 60311, [41, 1471]
247 60803, [41, 1483]
249 61793, [61, 1013]
250 62291, [167, 373]
252 63293, [167, 379]
253 63797, [131, 487]
256 65321, [83, 787]
257 65833, [43, 1531]
260 67381, [43, 1567]
262 68423, [53, 1291]
266 70531, [251, 281]
267 71063, [179, 397]
269 72133, [53, 1361]
271 73211, [179, 409]
272 73753, [131, 563]
279 77603, [71, 1093]
280 78161, [47, 1663]
284 80413, [97, 829]
285 80981, [47, 1723]
287 82123, [41, 2003]
288 82697, [41, 2017]
290 83851, [71, 1181]
292 85013, [151, 563]
296 87361, [199, 439]
297 87953, [281, 313]
299 89143, [97, 919]
300 89741, [43, 2087]
301 90341, [61, 1481]
302 90943, [199, 457]
303 91547, [43, 2129]
310 95831, [61, 1571]
313 97697, [151, 647]
315 98951, [53, 1867]
322 103403, [53, 1951]
326 105991, [83, 1277]
327 106643, [47, 2269]
328 107297, [41, 2617]
329 107953, [41, 2633]
330 108611, [313, 347]
331 109271, [113, 967]
332 109933, [47, 2339]
335 111931, [173, 647]
337 113273, [227, 499]
339 114623, [83, 1381]
343 117347, [43, 2729]
345 118721, [227, 523]
346 119411, [43, 2777]
348 120797, [113, 1069]
350 122191, [71, 1721]
358 127847, [173, 739]
361 130001, [71, 1831]
362 130723, [61, 2143]
365 132901, [347, 383]
368 135097, [53, 2549]
369 135833, [41, 3313]
370 136571, [41, 3331]
371 137311, [61, 2251]
374 139543, [47, 2969]
375 140291, [53, 2647]
379 143303, [47, 3049]
381 144821, [97, 1493]
382 145583, [197, 739]
384 147113, [131, 1123]
386 148651, [43, 3457]
389 150973, [43, 3511]
390 151751, [263, 577]
396 156461, [97, 1613]
400 159641, [263, 607]
402 161243, [383, 421]
403 162047, [131, 1237]
407 165283, [197, 839]
408 166097, [163, 1019]
409 166913, [83, 2011]
410 167731, [41, 4091]
411 168551, [41, 4111]
417 173513, [167, 1039]
419 175183, [167, 1049]
421 176861, [47, 53, 71]
422 177703, [83, 2141]
423 178547, [61, 2927]
426 181091, [47, 3853]
428 182797, [53, 3449]
429 183653, [43, 4271]
432 186233, [43, 61, 71]
433 187097, [223, 839]
441 194081, [421, 461]
443 195847, [151, 1297]
444 196733, [113, 1741]
446 198511, [179, 1109]
450 202091, [179, 1129]
451 202991, [41, 4951]
452 203893, [41, 4973]
455 206611, [307, 673]
460 211181, [223, 947]
461 212101, [113, 1877]
464 214873, [151, 1423]
467 217663, [307, 709]
468 218597, [47, 4651]
472 222353, [43, 5171]
473 223297, [47, 4751]
474 224243, [53, 4231]
475 225191, [43, 5237]
478 228047, [97, 2351]
481 230921, [53, 4357]
482 231883, [461, 503]
484 233813, [61, 3833]
488 237697, [251, 947]
490 239651, [367, 653]
492 241613, [41, 71, 83]
493 242597, [41, 61, 97]
495 244571, [199, 1229]
497 246553, [373, 661]
501 250541, [199, 1259]
503 252547, [71, 3557]
505 254561, [83, 3067]
507 256583, [379, 677]
508 257597, [173, 1489]
515 264751, [43, 47, 131]
517 266813, [251, 1063]
518 267847, [43, 6229]
520 269921, [47, 5743]
525 275141, [503, 547]
527 277243, [53, 5231]
528 278297, [397, 701]
531 281471, [173, 1627]
532 282533, [359, 787]
533 283597, [41, 6917]
534 284663, [41, 53, 131]
545 296521, [61, 4861]
546 297611, [359, 829]
547 298703, [281, 1063]
548 299797, [409, 733]
554 306403, [61, 5023]
557 309733, [113, 2741]
558 310847, [43, 7229]
561 314201, [43, 7307]
562 315323, [47, 6709]
563 316447, [71, 4457]
564 317573, [227, 1399]
567 320963, [47, 6829]
570 324371, [547, 593]
571 325511, [163, 1997]
572 326653, [227, 1439]
574 328943, [41, 71, 113]
575 330091, [41, 83, 97]
578 333547, [281, 1187]
579 334703, [197, 1699]
580 335861, [53, 6337]
583 339347, [439, 773]
584 340513, [167, 2039]
586 342851, [167, 2053]
587 344023, [53, 6491]
588 345197, [83, 4159]
590 347551, [97, 3583]
594 352283, [151, 2333]
601 360641, [43, 8387]
604 364253, [43, 43, 197]
606 366671, [61, 6011]
609 370313, [47, 7879]
610 371531, [313, 1187]
612 373973, [367, 1019]
613 375197, [457, 821]
614 376423, [47, 8009]
615 377651, [41, 61, 151]
616 378881, [41, 9241]
617 380113, [593, 641]
621 385061, [419, 919]
623 387547, [373, 1039]
625 390041, [179, 2179]
629 395053, [179, 2207]
631 397571, [379, 1049]
633 400097, [53, 7549]
634 401363, [71, 5653]
637 405173, [419, 967]
640 409001, [53, 7717]
643 412847, [313, 1319]
644 414133, [43, 9631]
645 415421, [71, 5851]
646 416711, [131, 3181]
647 418003, [43, 9721]
653 425797, [263, 1619]
656 429721, [41, 47, 223]
657 431033, [41, 10513]
658 432347, [83, 5209]
661 436301, [47, 9283]
662 437623, [499, 877]
663 438947, [263, 1669]
664 440273, [397, 1109]
665 441601, [131, 3371]
666 442931, [641, 691]
667 444263, [61, 7283]
670 448271, [113, 3967]
671 449611, [83, 5417]
672 450953, [97, 4649]
676 456341, [61, 7481]
677 457693, [347, 1319]
680 461761, [409, 1129]
681 463121, [173, 2677]
683 465847, [223, 2089]
686 469951, [53, 8867]
687 471323, [43, 97, 113]
690 475451, [43, 11057]
693 479597, [53, 9049]
694 480983, [199, 2417]
697 485153, [41, 11833]
698 486547, [41, 11867]
700 489341, [199, 2459]
702 492143, [523, 941]
703 493547, [47, 10501]
704 494953, [173, 2861]
705 496361, [71, 6991]
708 500597, [47, 10651]
712 506273, [347, 1459]
716 511981, [71, 7211]
717 513413, [691, 743]
722 520603, [487, 1069]
728 529297, [61, 8677]
730 532211, [43, 12377]
733 536597, [43, 12479]
734 538063, [163, 3301]
735 539531, [439, 1229]
737 542473, [61, 8893]
738 543947, [41, 13267]
739 545423, [41, 53, 251]
740 546901, [487, 1123]
741 548381, [83, 6607]
745 554321, [151, 3671]
746 555811, [53, 10487]
748 558797, [383, 1459]
750 561791, [47, 11953]
751 563291, [167, 3373]
753 566297, [167, 3391]
754 567803, [83, 6841]
755 569311, [47, 12113]
759 575363, [457, 1259]
762 579923, [307, 1889]
765 584501, [577, 1013]
766 586031, [151, 3881]
768 589097, [251, 2347]
769 590633, [97, 6089]
770 592171, [743, 797]
773 596797, [43, 13879]
774 598343, [307, 1949]
776 601441, [43, 71, 197]
777 602993, [131, 4603]
779 606103, [41, 14783]
780 607661, [41, 14821]
783 612347, [113, 5419]
784 613913, [97, 6329]
785 615481, [383, 1607]
787 618623, [71, 8713]
789 621773, [61, 10193]
791 624931, [227, 2753]
792 626513, [53, 11821]
796 632861, [131, 4831]
797 634453, [47, 13499]
798 636047, [61, 10427]
799 637643, [53, 53, 227]
800 639241, [113, 5657]
801 640841, [197, 3253]
802 642443, [47, 13669]
804 645653, [179, 3607]
808 652097, [179, 3643]
815 663451, [607, 1093]
816 665081, [43, 15467]
817 666713, [653, 1021]
819 669983, [43, 15581]
820 671621, [41, 16381]
821 673261, [41, 16421]
823 676547, [421, 1607]
824 678193, [83, 8171]
825 679841, [797, 853]
826 681491, [661, 1031]
828 684797, [281, 2437]
835 696431, [563, 1237]
836 698101, [499, 1399]
837 699773, [83, 8431]
844 711533, [47, 15139]
845 713221, [53, 13457]
847 716603, [71, 10093]
848 718297, [677, 1061]
849 719993, [47, 15319]
850 721691, [61, 11831]
852 725093, [53, 13681]
854 728503, [173, 4211]
855 730211, [563, 1297]
857 733633, [367, 1999]
858 735347, [71, 10357]
859 737063, [43, 61, 281]
861 740501, [41, 18061]
862 742223, [41, 43, 421]
866 749131, [97, 7723]
868 752597, [523, 1439]
870 756071, [373, 2027]
875 764791, [701, 1091]
877 768293, [173, 4441]
879 771803, [223, 3461]
881 775321, [97, 7993]
882 777083, [853, 911]
886 784151, [379, 2069]
891 793031, [47, 47, 359]
892 794813, [673, 1181]
893 796597, [199, 4003]
896 801961, [47, 113, 151]
897 803753, [163, 4931]
898 805547, [53, 15199]
899 807343, [199, 4057]
902 812743, [41, 43, 461]
903 814547, [41, 19867]
905 818161, [43, 53, 359]
906 819971, [223, 3677]
907 821783, [83, 9901]
908 823597, [131, 6287]
911 829051, [61, 13591]
913 832697, [113, 7369]
916 838181, [263, 3187]
917 840013, [151, 5563]
918 841847, [71, 71, 167]
919 843683, [733, 1151]
920 845521, [61, 83, 167]
923 851047, [313, 2719]
925 854741, [397, 2153]
926 856591, [263, 3257]
927 858443, [131, 6553]
929 862153, [71, 12143]
938 878947, [47, 18701]
941 884581, [911, 971]
943 888347, [41, 47, 461]
944 890233, [41, 21713]
945 892121, [43, 20747]
948 897797, [43, 20879]
951 903491, [53, 17047]
952 905393, [709, 1277]
956 913021, [313, 2917]
957 914933, [409, 2237]
958 916847, [53, 17299]
960 920681, [647, 1423]
963 926447, [97, 9551]
964 928373, [773, 1201]
967 934163, [577, 1619]
972 943853, [61, 15473]
973 945797, [197, 4801]
978 955547, [97, 9851]
979 957503, [367, 2609]
981 961421, [61, 15761]
982 963383, [647, 1489]
983 965347, [179, 5393]
984 967313, [41, 23593]
985 969281, [41, 47, 503]
987 973223, [179, 5437]
988 975197, [43, 22679]
989 977173, [71, 13763]
990 979151, [47, 83, 251]
991 981131, [43, 22817]
996 991061, [373, 2657]
998 995047, [197, 5051]
1000 999041, [71, 14071]
1002 1003043, [971, 1033]
1003 1005047, [83, 12109]
1004 1007053, [53, 19001]
1007 1013083, [607, 1669]
1009 1017113, [113, 9001]
1010 1019131, [379, 2689]
1011 1021151, [53, 19267]
1018 1035347, [227, 4561]
1019 1037383, [251, 4133]
1022 1043503, [439, 2377]
1024 1047593, [347, 3019]
1025 1049641, [41, 25601]
1026 1051691, [41, 113, 227]
1027 1053743, [173, 6091]
1028 1055797, [503, 2099]
1030 1059911, [821, 1291]
1031 1061971, [43, 24697]
1032 1064033, [47, 22639]
1033 1066097, [61, 17477]
1034 1068163, [43, 24841]
1037 1074373, [47, 22859]
1039 1078523, [131, 8233]
1040 1080601, [419, 2579]
1042 1084763, [61, 17783]
1043 1086847, [787, 1381]
1047 1095203, [151, 7253]
1050 1101491, [173, 6367]
1056 1114121, [419, 2659]
1057 1116233, [53, 21061]
1058 1118347, [131, 8537]
1059 1120463, [347, 3229]
1060 1122581, [71, 97, 163]
1061 1124701, [397, 2833]
1064 1131073, [53, 21341]
1065 1133201, [1033, 1097]
1066 1135331, [41, 27691]
1067 1137463, [41, 27743]
1068 1139597, [151, 7547]
1069 1141733, [307, 3719]
1070 1143871, [457, 2503]
1071 1146011, [71, 16141]
1072 1148153, [547, 2099]
1073 1150297, [83, 13859]
1074 1152443, [43, 26801]
1075 1154591, [97, 11903]
1077 1158893, [43, 26951]
1079 1163203, [47, 24749]
1081 1167521, [307, 3803]
1084 1174013, [47, 24979]
1085 1176181, [167, 7043]
1086 1178351, [83, 14197]
1087 1180523, [167, 7069]
1089 1184873, [409, 2897]
1092 1191413, [199, 5987]
1093 1193597, [877, 1361]
1094 1195783, [61, 19603]
1097 1202353, [739, 1627]
1098 1204547, [199, 6053]
1102 1213343, [223, 5441]
1103 1215547, [61, 19927]
1107 1224383, [41, 29863]
1108 1226597, [41, 29917]
1109 1228813, [281, 4373]
1110 1231031, [53, 23227]
1113 1237697, [829, 1493]
1117 1246613, [43, 53, 547]
1120 1253321, [43, 29147]
1121 1255561, [739, 1699]
1122 1257803, [113, 11131]
1126 1266791, [47, 26953]
1128 1271297, [673, 1889]
1129 1273553, [223, 5711]
1130 1275811, [1097, 1163]
1131 1278071, [47, 71, 383]
1139 1296223, [113, 11471]
1140 1298501, [281, 4621]
1142 1303063, [71, 18353]
1143 1305347, [653, 1999]
1148 1316797, [41, 32117]
1149 1319093, [41, 32173]
1155 1332911, [61, 21851]
1156 1335221, [83, 16087]
1157 1337533, [97, 13789]
1158 1339847, [661, 2027]
1160 1344481, [43, 31267]
1161 1346801, [499, 2699]
1162 1349123, [179, 7537]
1163 1351447, [43, 53, 593]
1164 1353773, [61, 22193]
1166 1358431, [179, 7589]
1168 1363097, [383, 3559]
1169 1365433, [83, 16451]
1170 1367771, [53, 131, 197]
1172 1372453, [97, 14149]
1173 1374797, [47, 29251]
1174 1377143, [439, 3137]
1176 1381841, [709, 1949]
1178 1386547, [47, 29501]
1179 1388903, [263, 5281]
1181 1393621, [941, 1481]
1184 1400713, [677, 2069]
1189 1412573, [41, 131, 263]
1190 1414951, [41, 34511]
1195 1426871, [197, 7243]
1197 1431653, [1163, 1231]
1198 1434047, [151, 9497]
1200 1438841, [173, 8317]
1202 1443643, [71, 20333]
1203 1446047, [43, 33629]
1206 1453271, [43, 33797]
1209 1460513, [487, 2999]
1210 1462931, [593, 2467]
1213 1470197, [71, 20707]
1216 1477481, [53, 61, 457]
1218 1482347, [919, 1613]
1219 1484783, [151, 9833]
1220 1487221, [47, 31643]
1223 1494547, [53, 163, 173]
1224 1496993, [367, 4079]
1225 1499441, [47, 61, 523]
1226 1501891, [1021, 1471]
1227 1504343, [487, 3089]
1229 1509253, [701, 2153]
1230 1511711, [41, 36871]
1231 1514171, [41, 36931]
1235 1524031, [113, 13487]
1236 1526501, [313, 4877]
1237 1528973, [1031, 1483]
1239 1533923, [83, 18481]
1241 1538881, [251, 6131]
1243 1543847, [373, 4139]
1244 1546333, [421, 3673]
1245 1548821, [227, 6823]
1246 1551311, [43, 43, 839]
1249 1558793, [43, 36251]
1250 1561291, [359, 4349]
1252 1566293, [83, 113, 167]
1253 1568797, [227, 6911]
1254 1571303, [97, 97, 167]
1258 1581347, [641, 2467]
1262 1591423, [1013, 1571]
1264 1596473, [359, 4447]
1265 1599001, [379, 4219]
1266 1601531, [1231, 1301]
1267 1604063, [47, 34129]
1269 1609133, [53, 97, 313]
1270 1611671, [251, 6421]
1271 1614211, [41, 39371]
1272 1616753, [41, 47, 839]
1273 1619297, [71, 22807]
1275 1624391, [1061, 1531]
1276 1626941, [53, 30697]
1277 1629493, [61, 26713]
1281 1639721, [733, 2237]
1283 1644847, [421, 3907]
1284 1647413, [71, 23203]
1286 1652551, [61, 27091]
1289 1660273, [43, 38611]
1291 1665431, [199, 8369]
1292 1668013, [43, 38791]
1297 1680953, [199, 8447]
1298 1683547, [967, 1741]
1301 1691341, [131, 12911]
1307 1706983, [641, 2663]
1308 1709597, [1091, 1567]
1312 1720073, [41, 41953]
1313 1722697, [41, 42017]
1314 1725323, [47, 36709]
1319 1738483, [47, 47, 787]
1320 1741121, [131, 13291]
1322 1746403, [53, 83, 397]
1325 1754341, [223, 7867]
1329 1764953, [53, 33301]
1332 1772933, [43, 41231]
1335 1780931, [43, 83, 499]
1337 1786273, [1301, 1373]
1338 1788947, [61, 29327]
1341 1796981, [179, 10039]
1342 1799663, [577, 3119]
1344 1805033, [71, 25423]
1345 1807721, [179, 10099]
1346 1810411, [367, 4933]
1347 1813103, [61, 29723]
1348 1815797, [113, 16069]
1349 1818493, [151, 12043]
1351 1823891, [97, 18803]
1352 1826593, [223, 8191]
1353 1829297, [41, 44617]
1354 1832003, [41, 44683]
1355 1834711, [71, 25841]
1356 1837421, [773, 2377]
1357 1840133, [691, 2663]
1361 1851001, [47, 39383]
1363 1856447, [461, 4027]
1365 1861901, [113, 16477]
1366 1864631, [47, 97, 409]
1367 1867363, [197, 9479]
1369 1872833, [373, 5021]
1370 1875571, [151, 12421]
1371 1878311, [347, 5413]
1372 1881053, [1093, 1721]
1373 1883797, [173, 10889]
1375 1889291, [43, 53, 829]
1376 1892041, [307, 6163]
1378 1897547, [43, 44129]
1382 1908583, [53, 36011]
1384 1914113, [1151, 1663]
1386 1919651, [163, 11777]
1388 1925197, [307, 6271]
1389 1927973, [379, 5087]
1390 1930751, [281, 6871]
1391 1933531, [523, 3697]
1392 1936313, [197, 9829]
1394 1941883, [41, 47363]
1395 1944671, [41, 47431]
1396 1947461, [173, 11257]
1398 1953047, [563, 3469]
1399 1955843, [61, 32063]
1404 1969853, [461, 4273]
1405 1972661, [83, 23767]
1406 1975471, [347, 5693]
1407 1978283, [947, 2089]
1408 1981097, [47, 61, 691]
1410 1986731, [1373, 1447]
1413 1995197, [47, 42451]
1415 2000851, [71, 28181]
1417 2006513, [1069, 1877]
1418 2009347, [43, 83, 563]
1419 2012183, [167, 12049]
1421 2017861, [43, 167, 281]
1422 2020703, [607, 3329]
1426 2032091, [71, 28621]
1427 2034943, [1019, 1997]
1428 2037797, [53, 38449]
1432 2049233, [131, 15643]
1434 2054963, [821, 2503]
1435 2057831, [41, 53, 947]
1436 2060701, [41, 50261]
1439 2069323, [1201, 1723]
1442 2077963, [263, 7901]
1448 2095297, [97, 21601]
1451 2103991, [131, 16061]
1452 2106893, [263, 8011]
1455 2115611, [47, 45013]
1456 2118521, [1039, 2039]
1458 2124347, [397, 5351]
1459 2127263, [419, 5077]
1460 2130181, [47, 61, 743]
1461 2133101, [43, 113, 439]
1463 2138947, [97, 22051]
1464 2141873, [43, 49811]
1468 2153597, [1049, 2053]
1469 2156533, [61, 35353]
1470 2159471, [653, 3307]
1471 2162411, [1181, 1831]
1472 2165353, [227, 9539]
1475 2174191, [419, 5189]
1476 2177141, [41, 53101]
1477 2180093, [41, 53173]
1478 2183047, [113, 19319]
1480 2188961, [227, 9643]
1481 2191921, [53, 41357]
1485 2203781, [1447, 1523]
1486 2206751, [71, 31081]
1487 2209723, [661, 3343]
1488 2212697, [53, 83, 503]
1490 2218651, [199, 11149]
1492 2224613, [251, 8863]
1496 2236561, [199, 11239]
1497 2239553, [71, 31543]
1498 2242547, [409, 5483]
1500 2248541, [151, 14891]
1501 2251541, [83, 27127]
1502 2254543, [47, 47969]
1504 2260553, [43, 52571]
1507 2269583, [43, 47, 1123]
1513 2287697, [743, 3079]
1514 2290723, [383, 5981]
1517 2299813, [41, 56093]
1518 2302847, [41, 56167]
1520 2308921, [179, 12899]
1521 2311961, [61, 151, 251]
1524 2321093, [179, 12967]
1525 2324141, [677, 3433]
1527 2330243, [457, 5099]
1530 2339411, [61, 38351]
1531 2342471, [503, 4657]
1534 2351663, [53, 44371]
1539 2367023, [877, 2699]
1540 2370101, [919, 2579]
1541 2373181, [53, 44777]
1544 2382433, [577, 4129]
1545 2385521, [97, 24593]
1546 2388611, [173, 13807]
1547 2391703, [43, 55621]
1548 2394797, [223, 10739]
1549 2397893, [47, 163, 313]
1550 2400991, [43, 55837]
1551 2404091, [383, 6277]
1553 2410297, [1291, 1867]
1554 2413403, [47, 51349]
1555 2416511, [1109, 2179]
1557 2422733, [71, 34123]
1558 2425847, [41, 59167]
1559 2428963, [41, 59243]
1560 2432081, [97, 25073]
1562 2438323, [1523, 1601]
1563 2441447, [131, 18637]
1564 2444573, [197, 12409]
1565 2447701, [673, 3637]
1567 2453963, [797, 3079]
1568 2457097, [71, 34607]
1569 2460233, [173, 14221]
1571 2466511, [83, 29717]
1574 2475943, [113, 21911]
1575 2479091, [223, 11117]
1576 2482241, [701, 3541]
1579 2491703, [1129, 2207]
1580 2494861, [1063, 2347]
1582 2501183, [61, 131, 313]
1584 2507513, [83, 30211]
1586 2513851, [167, 15053]
1587 2517023, [53, 47491]
1588 2520197, [167, 15091]
1589 2523373, [197, 12809]
1590 2526551, [43, 58757]
1591 2529731, [61, 113, 367]
1593 2536097, [43, 58979]
1594 2539283, [53, 47911]
1596 2545661, [47, 54163]
1599 2555243, [41, 62323]
1600 2558441, [41, 62401]
1601 2561641, [47, 54503]
1603 2568047, [1277, 2011]
1604 2571253, [967, 2659]
1607 2580883, [647, 3989]
1609 2587313, [359, 7207]
1610 2590531, [1063, 2437]
1613 2600197, [439, 5923]
1614 2603423, [607, 4289]
1616 2609881, [373, 6997]
1619 2619583, [547, 4789]
1622 2629303, [797, 3299]
1623 2632547, [359, 7333]
1628 2648797, [71, 37307]
1629 2652053, [647, 4099]
1630 2655311, [1361, 1951]
1631 2658571, [1019, 2609]
1633 2665097, [43, 61979]
1636 2674901, [43, 62207]
1639 2684723, [71, 37813]
1640 2688001, [41, 53, 1237]
1641 2691281, [41, 41, 1601]
1642 2694563, [97, 27779]
1643 2697847, [47, 61, 941]
1644 2701133, [379, 7127]
1647 2711003, [53, 51151]
1648 2714297, [47, 57751]
1651 2724191, [151, 18041]
1652 2727493, [61, 61, 733]
1654 2734103, [83, 32941]
1657 2744033, [97, 28289]
1660 2753981, [499, 5519]
1661 2757301, [709, 3889]
1662 2760623, [1039, 2657]
1664 2767273, [547, 5059]
1665 2770601, [421, 6581]
1667 2777263, [83, 33461]
1671 2790611, [281, 9931]
1672 2793953, [151, 18503]
1673 2797297, [457, 6121]
1676 2807341, [43, 65287]
1678 2814047, [853, 3299]
1679 2817403, [43, 65521]
1680 2820761, [1049, 2689]
1681 2824121, [41, 68881]
1682 2827483, [41, 68963]
1683 2830847, [307, 9221]
1687 2844323, [113, 25171]
1689 2851073, [199, 14327]
1690 2854451, [47, 60733]
1693 2864597, [53, 54049]
1694 2867983, [131, 21893]
1695 2871371, [47, 199, 307]
1696 2874761, [487, 5903]
1699 2884943, [71, 179, 227]
1700 2888341, [53, 54497]
1702 2895143, [281, 10303]
1703 2898547, [179, 16193]
1704 2901953, [61, 113, 421]
1705 2905361, [263, 11047]
1707 2912183, [227, 12829]
1710 2922431, [71, 41161]
1712 2929273, [163, 17971]
1713 2932697, [61, 131, 367]
1714 2936123, [487, 6029]
1715 2939551, [263, 11177]
1717 2946413, [1471, 2003]
1718 2949847, [347, 8501]
1719 2953283, [43, 173, 397]
1720 2956721, [1381, 2141]
1722 2963603, [41, 41, 41, 43]
1723 2967047, [41, 72367]
1724 2970493, [1229, 2417]
1730 2991211, [1483, 2017]
1735 3008531, [853, 3527]
1737 3015473, [47, 83, 773]
1739 3022423, [97, 31159]
1740 3025901, [1297, 2333]
1742 3032863, [47, 173, 373]
1743 3036347, [251, 12097]
1746 3046811, [53, 57487]
1748 3053797, [523, 5839]
1750 3060791, [83, 36877]
1753 3071297, [53, 167, 347]
1754 3074803, [97, 31699]
1755 3078311, [167, 18433]
1756 3081821, [593, 5197]
1760 3095881, [1259, 2459]
1761 3099401, [197, 15733]
1762 3102923, [43, 72161]
1763 3106447, [41, 75767]
1764 3109973, [41, 75853]
1765 3113501, [43, 61, 1187]
1768 3124097, [379, 8243]
1770 3131171, [71, 44101]
1771 3134711, [223, 14057]
1772 3138253, [251, 12503]
1773 3141797, [1109, 2833]
1774 3145343, [61, 51563]
1775 3148891, [409, 7699]
1778 3159547, [1013, 3119]
1781 3170221, [71, 44651]
1782 3173783, [1481, 2143]
1784 3180913, [47, 67679]
1786 3188051, [197, 16183]
1788 3195197, [1531, 2087]
1789 3198773, [47, 68059]
1791 3205931, [1069, 2999]
1793 3213097, [911, 3527]
1796 3223861, [653, 4937]
1797 3227453, [1187, 2719]
1798 3231047, [223, 14489]
1799 3234643, [53, 61031]
1800 3238241, [113, 28657]
1801 3241841, [673, 4817]
1802 3245443, [151, 21493]
1803 3249047, [593, 5479]
1804 3252653, [41, 79333]
1805 3256261, [41, 43, 1847]
1806 3259871, [53, 61507]
1808 3267097, [43, 75979]
1809 3270713, [1129, 2897]
1817 3299713, [113, 29201]
1819 3306983, [661, 5003]
1820 3310621, [83, 39887]
1823 3321547, [151, 21997]
1824 3325193, [461, 7213]
1825 3328841, [131, 25411]
1826 3332491, [61, 54631]
1827 3336143, [1567, 2129]
1830 3347111, [787, 4253]
1831 3350771, [47, 71293]
1833 3358097, [83, 40459]
1834 3361763, [499, 6737]
1835 3365431, [61, 55171]
1836 3369101, [47, 97, 739]
1838 3376447, [1021, 3307]
1841 3387481, [71, 47711]
1844 3398533, [131, 25943]
1845 3402221, [41, 82981]
1846 3405911, [41, 83071]
1848 3413297, [43, 79379]
1851 3424391, [43, 97, 821]
1852 3428093, [53, 71, 911]
1855 3439211, [397, 8663]
1857 3446633, [1031, 3343]
1859 3454063, [53, 65171]
1860 3457781, [739, 4679]
1861 3461501, [677, 5113]
1862 3465223, [313, 11071]
1863 3468947, [1123, 3089]
1865 3476401, [461, 7541]
1874 3510043, [1493, 2351]
1875 3513791, [163, 21557]
1878 3525047, [47, 179, 419]
1881 3536321, [1571, 2251]
1882 3540083, [179, 19777]
1883 3543847, [47, 75401]
1885 3551381, [709, 5009]
1886 3555151, [41, 86711]
1887 3558923, [41, 61, 1423]
1888 3562697, [199, 17903]
1890 3570251, [1847, 1933]
1891 3574031, [43, 83117]
1892 3577813, [173, 20681]
1894 3585383, [43, 199, 419]
1895 3589171, [313, 11467]
1896 3592961, [61, 58901]
1897 3596753, [383, 9391]
1899 3604343, [641, 5623]
1900 3608141, [439, 8219]
1903 3619547, [83, 43609]
1905 3627161, [53, 68437]
1907 3634783, [409, 8887]
1908 3638597, [1093, 3329]
1909 3642413, [1061, 3433]
1912 3653873, [53, 71, 971]
1913 3657697, [113, 32369]
1914 3661523, [523, 7001]
1915 3665351, [173, 21187]
1916 3669181, [83, 44207]
1919 3680683, [577, 6379]
1920 3684521, [167, 22063]
1922 3692203, [167, 22109]
1923 3696047, [71, 52057]
1925 3703741, [47, 78803]
1926 3707591, [227, 16333]
1927 3711443, [41, 90523]
1928 3715297, [41, 90617]
1930 3723011, [47, 113, 701]
1933 3734597, [97, 38501]
1934 3738463, [43, 227, 383]
1937 3750073, [43, 87211]
1942 3769463, [829, 4547]
1943 3773347, [1663, 2269]
1948 3792797, [61, 97, 641]
1952 3808393, [281, 13553]
1953 3812297, [151, 25247]
1956 3824021, [131, 29191]
1957 3827933, [61, 62753]
1958 3831847, [53, 197, 367]
1961 3843601, [563, 6827]
1962 3847523, [1319, 2917]
1963 3851447, [1399, 2753]
1964 3855373, [1229, 3137]
1965 3859301, [53, 72817]
1966 3863231, [1091, 3541]
1968 3871097, [41, 263, 359]
1969 3875033, [41, 94513]
1970 3878971, [877, 4423]
1972 3886853, [47, 82699]
1973 3890797, [971, 4007]
1974 3894743, [151, 25793]
1975 3898691, [131, 29761]
1977 3906593, [43, 47, 1933]
1978 3910547, [263, 14869]
1980 3918461, [43, 91127]
1981 3922421, [563, 6967]
1982 3926383, [359, 10937]
1983 3930347, [71, 197, 281]
1984 3934313, [457, 8609]
1986 3942251, [83, 47497]
1989 3954173, [373, 10601]
1990 3958151, [307, 12893]
1991 3962131, [503, 7877]
1994 3974083, [71, 223, 251]
1996 3982061, [1319, 3019]
1997 3986053, [1489, 2677]
1999 3994043, [83, 48121]
2002 4006043, [307, 13049]
2008 4030097, [1723, 2339]
2009 4034113, [41, 61, 1613]
2010 4038131, [41, 98491]
2011 4042151, [53, 53, 1439]
2014 4054223, [733, 5531]
2018 4070347, [53, 61, 1259]
2019 4074383, [47, 86689]
2020 4078421, [43, 94847]
2021 4082461, [223, 18307]
2023 4090547, [43, 251, 379]
2024 4094593, [47, 87119]
2026 4102691, [113, 36307]
2029 4114853, [607, 6779]
2030 4118911, [97, 42463]
2034 4135163, [503, 8221]
2035 4139231, [1033, 4007]
2038 4151447, [163, 25469]
2043 4171847, [113, 36919]
2045 4180021, [97, 43093]
2048 4192297, [691, 6067]
2050 4200491, [41, 102451]
2051 4204591, [41, 102551]
2052 4208693, [439, 9587]
2054 4216903, [71, 59393]
2057 4229233, [179, 23627]
2061 4245701, [179, 23719]
2063 4253947, [43, 98929]
2064 4258073, [53, 80341]
2065 4262201, [71, 173, 347]
2066 4266331, [43, 47, 2111]
2069 4278733, [83, 51551]
2070 4282871, [61, 61, 1151]
2071 4287011, [47, 53, 1721]
2072 4291153, [1237, 3469]
2073 4295297, [1181, 3637]
2079 4320203, [61, 70823]
2080 4324361, [367, 11783]
2082 4332683, [83, 52201]
2085 4345181, [839, 5179]
2086 4349351, [421, 10331]
2087 4353523, [131, 167, 199]
2088 4357697, [173, 25189]
2089 4361873, [167, 26119]
2091 4370231, [41, 106591]
2092 4374413, [41, 106693]
2093 4378597, [199, 22003]
2098 4399547, [1033, 4259]
2099 4403743, [691, 6373]
2100 4407941, [347, 12703]
2104 4424753, [151, 29303]
2106 4433171, [43, 131, 787]
2109 4445813, [43, 103391]
2111 4454251, [839, 5309]
2113 4462697, [47, 94951]
2115 4471151, [373, 11987]
2116 4475381, [397, 11273]
2117 4479613, [53, 84521]
2118 4483847, [47, 95401]
2121 4496561, [577, 7793]
2122 4500803, [941, 4783]
2123 4505047, [653, 6899]
2124 4509293, [53, 85081]
2125 4513541, [71, 151, 421]
2127 4522043, [97, 46619]
2129 4530553, [773, 5861]
2130 4534811, [457, 9923]
2131 4539071, [61, 74411]
2132 4543333, [41, 110813]
2133 4547597, [41, 110917]
2136 4560401, [71, 64231]
2137 4564673, [919, 4967]
2139 4573223, [113, 40471]
2140 4577501, [61, 75041]
2142 4586063, [97, 47279]
2147 4607503, [379, 12157]
2148 4611797, [661, 6977]
2149 4616093, [43, 107351]
2152 4628993, [43, 83, 1297]
2153 4633297, [227, 20411]
2155 4641911, [197, 23563]
2156 4646221, [113, 41117]
2157 4650533, [2111, 2203]
2158 4654847, [1627, 2861]
2159 4659163, [499, 9337]
2160 4663481, [47, 99223]
2161 4667801, [227, 20563]
2162 4672123, [1097, 4259]
2165 4685101, [47, 83, 1201]
2166 4689431, [547, 8573]
2170 4706771, [53, 88807]
2171 4711111, [1459, 3229]
2173 4719797, [41, 115117]
2174 4724143, [41, 115223]
2175 4728491, [313, 15107]
2177 4737193, [53, 89381]
2180 4750261, [197, 24113]
2182 4758983, [1867, 2549]
2183 4763347, [487, 9781]
2184 4767713, [409, 11657]
2185 4772081, [1741, 2741]
2192 4802713, [43, 61, 1831]
2195 4815871, [43, 111997]
2196 4820261, [71, 67891]
2201 4842241, [61, 163, 487]
2202 4846643, [677, 7159]
2203 4851047, [743, 6529]
2204 4855453, [829, 5857]
2207 4868683, [47, 71, 1459]
2208 4873097, [313, 15569]
2211 4886351, [547, 8933]
2212 4890773, [47, 104059]
2214 4899623, [41, 119503]
2215 4904051, [41, 119611]
2217 4912913, [223, 22031]
2218 4917347, [131, 37537]
2221 4930661, [607, 8123]
2223 4939547, [53, 93199]
2224 4943993, [97, 50969]
2227 4957343, [1097, 4519]
2229 4966253, [1277, 3889]
2230 4970711, [53, 93787]
2231 4975171, [263, 18917]
2233 4984097, [281, 17737]
2235 4993031, [43, 83, 1399]
2236 4997501, [179, 27919]
2237 5001973, [131, 38183]
2238 5006447, [43, 173, 673]
2239 5010923, [97, 51659]
2240 5015401, [179, 28019]
2241 5019881, [263, 19087]
2244 5033333, [223, 22571]
2245 5037821, [251, 20071]
2247 5046803, [1021, 4943]
2248 5051297, [83, 60859]
2250 5060291, [2203, 2297]
2252 5069293, [113, 113, 397]
2253 5073797, [61, 83177]
2254 5078303, [47, 167, 647]
2255 5082811, [41, 151, 821]
2256 5087321, [41, 167, 743]
2259 5100863, [47, 108529]
2261 5109901, [173, 29537]
2262 5114423, [61, 83843]
2264 5123473, [281, 18233]
2265 5128001, [967, 5303]
2267 5137063, [71, 72353]
2268 5141597, [1031, 4987]
2269 5146133, [113, 45541]
2271 5155211, [523, 9857]
2272 5159753, [1619, 3187]
2273 5164297, [1951, 2647]
2274 5168843, [251, 20593]
2275 5173391, [1013, 5107]
2276 5177941, [53, 151, 647]
2277 5182493, [701, 7393]
2278 5187047, [43, 71, 1699]
2280 5196161, [383, 13567]
2281 5200721, [43, 120947]
2283 5209847, [53, 98299]
2285 5218981, [461, 11321]
2286 5223551, [199, 26249]
2290 5241851, [2003, 2617]
2292 5251013, [199, 26387]
2293 5255597, [1163, 4519]
2296 5269361, [41, 128521]
2297 5273953, [41, 307, 419]
2301 5292341, [47, 112603]
2305 5310761, [2017, 2633]
2306 5315371, [47, 113093]
2307 5319983, [1439, 3697]
2309 5329213, [307, 17359]
2313 5347697, [419, 12763]
2314 5352323, [61, 87743]
2316 5361581, [409, 13109]
2317 5366213, [383, 14011]
2318 5370847, [83, 64709]
2321 5384761, [43, 97, 1291]
2323 5394047, [61, 88427]
2324 5398693, [43, 125551]
2325 5403341, [367, 14723]
2326 5407991, [461, 11731]
2327 5412643, [359, 15077]
2329 5421953, [53, 102301]
2331 5431271, [83, 65437]
2332 5435933, [1669, 3257]
2333 5440597, [499, 10903]
2336 5454601, [53, 97, 1061]
2337 5459273, [41, 133153]
2338 5463947, [41, 71, 1877]
2339 5468623, [439, 12457]
2341 5477981, [359, 15259]
2345 5496721, [2297, 2393]
2348 5510797, [47, 117251]
2349 5515493, [71, 131, 593]
2352 5529593, [197, 28069]
2353 5534297, [47, 117751]
2354 5539003, [947, 5849]
2360 5567281, [1163, 4787]
2362 5576723, [373, 14951]
2364 5586173, [43, 163, 797]
2365 5590901, [113, 49477]
2367 5600363, [43, 130241]
2368 5605097, [131, 42787]
2370 5614571, [709, 7919]
2375 5638291, [61, 92431]
2377 5647793, [197, 28669]
2378 5652547, [41, 137867]
2379 5657303, [41, 137983]
2380 5662061, [227, 24943]
2382 5671583, [53, 113, 947]
2383 5676347, [1423, 3989]
2384 5681113, [61, 93133]
2385 5685881, [733, 7757]
2387 5695423, [2087, 2729]
2388 5700197, [227, 25111]
2389 5704973, [53, 107641]
2392 5719313, [1607, 3559]
2395 5733671, [47, 121993]
2396 5738461, [593, 9677]
2399 5752843, [1091, 5273]
2400 5757641, [47, 122503]
2401 5762441, [83, 69427]
2402 5767243, [379, 15217]
2406 5786471, [151, 38321]
2407 5791283, [43, 134681]
2409 5800913, [71, 81703]
2410 5805731, [43, 135017]
2411 5810551, [173, 33587]
2412 5815373, [347, 16759]
2414 5825023, [83, 70181]
2415 5829851, [179, 32569]
2416 5834681, [877, 6653]
2418 5844347, [97, 60251]
2419 5849183, [41, 179, 797]
2420 5854021, [41, 71, 2011]
2421 5858861, [167, 35083]
2423 5868547, [167, 35141]
2424 5873393, [1381, 4253]
2427 5887943, [151, 38993]
2428 5892797, [1231, 4787]
2430 5902511, [1607, 3673]
2432 5912233, [2129, 2777]
2433 5917097, [97, 61001]
2434 5921963, [173, 34231]
2435 5926831, [53, 111827]
2436 5931701, [61, 97241]
2437 5936573, [523, 11351]
2440 5951201, [223, 26687]
2441 5956081, [457, 13033]
2442 5960963, [47, 53, 2393]
2445 5975621, [61, 97961]
2446 5980511, [1019, 5869]
2447 5985403, [47, 347, 367]
2449 5995193, [653, 9181]
2450 6000091, [43, 139537]
2453 6014797, [43, 43, 3253]
2454 6019703, [1361, 4423]
2459 6044263, [919, 6577]
2460 6049181, [41, 147541]
2461 6054101, [41, 147661]
2465 6073801, [1093, 5557]
2467 6083663, [223, 27281]
2471 6103411, [1489, 4099]
2474 6118243, [673, 9091]
2478 6138047, [113, 54319]
2480 6147961, [71, 131, 661]
2484 6167813, [83, 74311]
2485 6172781, [199, 31019]
2486 6177751, [1069, 5779]
2488 6187697, [53, 313, 373]
2489 6192673, [47, 131759]
2491 6202631, [71, 199, 439]
2493 6212597, [43, 144479]
2494 6217583, [47, 263, 503]
2495 6222571, [53, 113, 1039]
2496 6227561, [43, 251, 577]
2497 6232553, [61, 83, 1231]
2499 6242543, [131, 47653]
2501 6252541, [41, 152501]
2502 6257543, [41, 152623]
2504 6267553, [263, 23831]
2505 6272561, [2143, 2927]
2506 6277571, [61, 102911]
2507 6282583, [421, 14923]
2510 6297631, [773, 8147]
2513 6312697, [397, 15901]
2514 6317723, [281, 22483]
2515 6322751, [97, 65183]
2517 6332813, [1049, 6037]
2521 6352961, [313, 20297]
2524 6368093, [563, 11311]
2525 6373141, [251, 25391]
2526 6378191, [379, 16829]
2527 6383243, [163, 39161]
2530 6398411, [97, 65963]
2531 6403471, [853, 7507]
2535 6423731, [1151, 5581]
2536 6428801, [43, 47, 3181]
2537 6433873, [503, 12791]
2538 6438947, [677, 9511]
2539 6444023, [43, 149861]
2540 6449101, [641, 10061]
2541 6454181, [47, 53, 2591]
2542 6459263, [41, 157543]
2543 6464347, [41, 157667]
2544 6469433, [563, 11491]
2545 6474521, [281, 23041]
2546 6479611, [421, 15391]
2548 6489797, [53, 122449]
2549 6494893, [197, 32969]
2551 6505091, [71, 91621]
2557 6535733, [151, 43283]
2558 6540847, [61, 107227]
2562 6561323, [71, 92413]
2563 6566447, [2141, 3067]
2567 6586963, [61, 83, 1301]
2568 6592097, [1997, 3301]
2571 6607511, [967, 6833]
2574 6622943, [197, 33619]
2575 6628091, [739, 8969]
2578 6643547, [151, 43997]
2579 6648703, [43, 154621]
2580 6653861, [83, 80167]
2582 6664183, [43, 154981]
2583 6669347, [41, 47, 3461]
2584 6674513, [41, 173, 941]
2586 6684851, [1619, 4129]
2587 6690023, [457, 14639]
2588 6695197, [47, 167, 853]
2589 6700373, [641, 10453]
2590 6705551, [167, 40153]
2591 6710731, [113, 59387]
2593 6721097, [409, 16433]
2594 6726283, [53, 179, 709]
2596 6736661, [2269, 2969]
2598 6747047, [179, 37693]
2599 6752243, [739, 9137]
2601 6762641, [53, 127597]
2604 6778253, [307, 22079]
2606 6788671, [1493, 4547]
2607 6793883, [173, 173, 227]
2608 6799097, [113, 60169]
2611 6814751, [131, 52021]
2612 6819973, [97, 70309]
2615 6835651, [227, 30113]
2616 6840881, [307, 22283]
2617 6846113, [787, 8699]
2619 6856583, [61, 112403]
2622 6872303, [43, 71, 2251]
2623 6877547, [2039, 3373]
2624 6882793, [41, 167873]
2625 6888041, [41, 43, 3907]
2627 6898543, [97, 71119]
2628 6903797, [61, 113177]
2630 6914311, [47, 131, 1123]
2631 6919571, [701, 9871]
2633 6930097, [71, 97607]
2635 6940631, [47, 147673]
2636 6945901, [607, 11443]
2638 6956447, [1301, 5347]
2639 6961723, [2053, 3391]
2640 6967001, [1201, 5801]
2642 6977563, [2591, 2693]
2643 6982847, [1063, 6569]
2647 7004003, [53, 132151]
2649 7014593, [397, 17669]
2650 7019891, [83, 83, 1019]
2651 7025191, [1889, 3719]
2652 7030493, [1181, 5953]
2654 7041103, [53, 132851]
2658 7062347, [499, 14153]
2662 7083623, [1481, 4783]
2663 7088947, [83, 223, 383]
2664 7094273, [1109, 6397]
2665 7099601, [41, 43, 4027]
2666 7104931, [41, 173291]
2668 7115597, [43, 165479]
2670 7126271, [487, 14633]
2671 7131611, [2339, 3049]
2672 7136953, [821, 8693]
2673 7142297, [1063, 6719]
2676 7158341, [1669, 4289]
2677 7163693, [47, 152419]
2680 7179761, [61, 117701]
2682 7190483, [47, 152989]
2684 7201213, [199, 36187]
2686 7211951, [359, 20089]
2688 7222697, [487, 14831]
2689 7228073, [61, 118493]
2690 7233451, [163, 199, 223]
2692 7244213, [367, 19739]
2693 7249597, [71, 102107]
2697 7271153, [1471, 4943]
2698 7276547, [577, 12611]
2700 7287341, [53, 359, 383]
2701 7292741, [1039, 7019]
2704 7308953, [71, 113, 911]
2706 7319771, [41, 178531]
2707 7325183, [41, 53, 3371]
2708 7330597, [43, 151, 1129]
2709 7336013, [97, 75629]
2710 7341431, [1373, 5347]
2711 7346851, [43, 170857]
2713 7357697, [547, 13451]
2716 7373981, [419, 17599]
2720 7395721, [1483, 4987]
2721 7401161, [113, 65497]
2723 7412047, [1949, 3803]
2724 7417493, [47, 97, 1627]
2725 7422941, [409, 18149]
2729 7444753, [47, 151, 1049]
2732 7461133, [419, 17807]
2733 7466597, [83, 89959]
2735 7477531, [373, 20047]
2739 7499423, [691, 10853]
2741 7510381, [61, 123121]
2742 7515863, [131, 57373]
2745 7532321, [2693, 2797]
2746 7537811, [83, 197, 461]
2747 7543303, [41, 251, 733]
2748 7548797, [41, 184117]
2750 7559791, [61, 123931]
2751 7565291, [43, 175937]
2753 7576297, [53, 142949]
2754 7581803, [43, 176321]
2755 7587311, [167, 45433]
2757 7598333, [167, 173, 263]
2758 7603847, [547, 13901]
2759 7609363, [347, 21929]
2760 7614881, [53, 143677]
2761 7620401, [131, 58171]
2763 7631447, [911, 8377]
2764 7636973, [71, 107563]
2767 7653563, [263, 29101]
2771 7675711, [47, 197, 829]
2772 7681253, [2089, 3677]
2773 7686797, [179, 42943]
2775 7697891, [71, 108421]
2776 7703441, [47, 251, 653]
2777 7708993, [179, 43067]
2778 7714547, [439, 17573]
2780 7725661, [173, 44657]
2781 7731221, [379, 20399]
2783 7742347, [1373, 5639]
2787 7764623, [461, 16843]
2788 7770197, [41, 189517]
2789 7775773, [41, 189653]
2790 7781351, [691, 11261]
2791 7786931, [1013, 7687]
2794 7803683, [43, 347, 523]
2795 7809271, [281, 27791]
2797 7820453, [43, 181871]
2801 7842841, [313, 25057]
2802 7848443, [61, 128663]
2804 7859653, [2179, 3607]
2806 7870871, [53, 97, 1531]
2809 7887713, [661, 11933]
2811 7898951, [61, 129491]
2813 7910197, [53, 149249]
2814 7915823, [367, 21569]
2816 7927081, [83, 95507]
2817 7932713, [113, 70201]
2818 7938347, [47, 168901]
2820 7949621, [1699, 4679]
2821 7955261, [97, 82013]
2823 7966547, [47, 169501]
2826 7983491, [281, 28411]
2828 7994797, [607, 13171]
2829 8000453, [41, 83, 2351]
2830 8006111, [41, 195271]
2831 8011771, [1613, 4967]
2832 8017433, [499, 16067]
2833 8023097, [1571, 5107]
2834 8028763, [113, 227, 313]
2835 8034431, [71, 113161]
2836 8040101, [2207, 3643]
2837 8045773, [43, 187111]
2840 8062801, [43, 187507]
2842 8074163, [227, 35569]
2844 8085533, [1291, 6263]
2846 8096911, [71, 114041]
2847 8102603, [877, 9239]
2850 8119691, [2797, 2903]
2853 8136797, [163, 49919]
2856 8153921, [1999, 4079]
2857 8159633, [1447, 5639]
2859 8171063, [53, 151, 1021]
2860 8176781, [1069, 7649]
2861 8182501, [373, 21937]
2863 8193947, [61, 134327]
2865 8205401, [47, 174583]
2866 8211131, [53, 154927]
2870 8234071, [41, 47, 4273]
2871 8239811, [41, 200971]
2872 8245553, [61, 135173]
2873 8251297, [131, 62987]
2875 8262791, [1567, 5273]
2877 8274293, [1237, 6689]
2879 8285803, [677, 12239]
2880 8291561, [43, 151, 1277]
2882 8303083, [1109, 7487]
2883 8308847, [43, 199, 971]
2886 8326151, [223, 37337]
2888 8337697, [1031, 8087]
2889 8343473, [199, 41927]
2892 8360813, [131, 63823]
2893 8366597, [787, 10631]
2897 8389753, [2027, 4139]
2898 8395547, [457, 18371]
2899 8401343, [83, 101221]
2901 8412941, [647, 13003]
2902 8418743, [773, 10891]
2903 8424547, [97, 86851]
2905 8436161, [379, 22259]
2906 8441971, [71, 118901]
2910 8465231, [397, 21323]
2911 8471051, [41, 307, 673]
2912 8476873, [41, 47, 53, 83]
2913 8482697, [223, 38039]
2917 8506013, [47, 71, 2549]
2918 8511847, [97, 87751]
2919 8517683, [53, 160711]
2922 8535203, [167, 51109]
2923 8541047, [43, 307, 647]
2924 8546893, [61, 167, 839]
2926 8558591, [43, 199037]
2927 8564443, [2333, 3671]
2928 8570297, [421, 20357]
2930 8582011, [113, 173, 439]
2932 8593733, [1447, 5939]
2933 8599597, [61, 140977]
2938 8628947, [1129, 7643]
2942 8652463, [593, 14591]
2943 8658347, [197, 43951]
2944 8664233, [971, 8923]
2945 8670121, [2617, 3313]
2946 8676011, [743, 11677]
2947 8681903, [113, 76831]
2950 8699591, [839, 10369]
2952 8711393, [41, 179, 1187]
2953 8717297, [41, 173, 1229]
2955 8729111, [2069, 4219]
2956 8735021, [179, 48799]
2957 8740933, [2903, 3011]
2959 8752763, [47, 186229]
2960 8758681, [523, 16747]
2962 8770523, [2633, 3331]
2964 8782373, [47, 186859]
2965 8788301, [53, 165817]
2966 8794231, [43, 204517]
2967 8800163, [421, 20903]
2968 8806097, [197, 44701]
2969 8812033, [43, 204931]
2970 8817971, [1061, 8311]
2972 8829853, [53, 166601]
2977 8859593, [71, 124783]
2978 8865547, [701, 12647]
2982 8889383, [83, 107101]
2984 8901313, [1187, 7499]
2985 8907281, [61, 146021]
2986 8913251, [1123, 7937]
2988 8925197, [71, 125707]
2989 8931173, [593, 15061]
2991 8943131, [1361, 6571]
2993 8955097, [41, 218417]
2994 8961083, [41, 61, 3583]
2995 8967071, [83, 108037]
2997 8979053, [503, 17851]
2998 8985047, [251, 35797]
2999 8991043, [743, 12101]
3000 8997041, [97, 92753]
3001 9003041, [1093, 8237]
3002 9009043, [409, 22027]
3004 9021053, [131, 68863]
3006 9033071, [47, 192193]
3008 9045097, [1523, 5939]
3009 9051113, [43, 210491]
3010 9057131, [151, 59981]
3011 9063151, [47, 192833]
3012 9069173, [43, 210911]
3015 9087251, [97, 93683]
3016 9093281, [163, 55787]
3017 9099313, [1889, 4817]
3018 9105347, [53, 171799]
3019 9111383, [1259, 7237]
3020 9117421, [263, 34667]
3022 9129503, [2647, 3449]
3023 9135547, [131, 69737]
3025 9147641, [53, 172597]
3027 9159743, [251, 36493]
3030 9177911, [263, 34897]
3031 9183971, [151, 60821]
3033 9196097, [829, 11093]
3034 9202163, [41, 224443]
3035 9208231, [41, 224591]
3037 9220373, [1297, 7109]
3039 9232523, [1741, 5303]
3040 9238601, [503, 18367]
3043 9256847, [113, 81919]
3044 9262933, [457, 20269]
3045 9269021, [359, 25819]
3046 9275111, [61, 383, 397]
3047 9281203, [1663, 5581]
3048 9287297, [71, 130807]
3052 9311693, [43, 216551]
3053 9317797, [47, 198251]
3055 9330011, [43, 61, 3557]
3056 9336121, [919, 10159]
3057 9342233, [1091, 8563]
3058 9348347, [47, 198901]
3059 9354463, [71, 359, 367]
3060 9360581, [113, 82837]
3061 9366701, [227, 41263]
3063 9378947, [941, 9967]
3065 9391201, [83, 113147]
3066 9397331, [3011, 3121]
3068 9409597, [1033, 9109]
3069 9415733, [227, 41479]
3071 9428011, [53, 177887]
3072 9434153, [2729, 3457]
3073 9440297, [577, 16361]
3075 9452591, [41, 230551]
3076 9458741, [41, 281, 821]
3078 9471047, [53, 83, 2153]
3079 9477203, [709, 13367]
3082 9495683, [199, 47717]
3083 9501847, [383, 24809]
3085 9514181, [1523, 6247]
3087 9526523, [563, 16921]
3088 9532697, [199, 47903]
3089 9538873, [167, 57119]
3091 9551231, [167, 57193]
3093 9563597, [1721, 5557]
3095 9575971, [43, 43, 5179]
3097 9588353, [97, 98849]
3098 9594547, [43, 223129]
3100 9606941, [47, 47, 4349]
3101 9613141, [1381, 6961]
3102 9619343, [653, 14731]
3103 9625547, [173, 55639]
3105 9637961, [47, 205063]
3106 9644171, [347, 27793]
3107 9650383, [61, 281, 563]
3108 9656597, [373, 25889]
3109 9662813, [223, 43331]
3111 9675251, [2417, 4003]
3112 9681473, [97, 99809]
3114 9693923, [313, 30971]
3115 9700151, [2347, 4133]
3116 9706381, [41, 61, 3881]
3117 9712613, [41, 236893]
3118 9718847, [733, 13259]
3119 9725083, [71, 136973]
3123 9750047, [2777, 3511]
3124 9756293, [53, 184081]
3125 9762541, [1949, 5009]
3126 9768791, [173, 56467]
3127 9775043, [2099, 4657]
3130 9793811, [71, 137941]
3131 9800071, [53, 179, 1033]
3134 9818863, [409, 24007]
3135 9825131, [131, 179, 419]
3136 9831401, [223, 44087]
3138 9843947, [43, 228929]
3140 9856501, [197, 50033]
3141 9862781, [43, 347, 661]
3142 9869063, [1999, 4937]
3147 9900503, [47, 313, 673]
3148 9906797, [83, 119359]
3151 9925691, [419, 23689]
3152 9931993, [47, 211319]
3154 9944603, [131, 75913]
3156 9957221, [113, 88117]
3157 9963533, [41, 487, 499]
3158 9969847, [41, 243167]
3159 9976163, [2459, 4057]
3160 9982481, [379, 26339]
3161 9988801, [83, 151, 797]
3162 9995123, [1723, 5801]
3163 10001447, [1601, 6247]
3165 10014101, [197, 50833]
3168 10033097, [61, 164477]
3171 10052111, [2099, 4789]
3173 10064797, [113, 89069]
3175 10077491, [487, 20693]
3177 10090193, [53, 61, 3121]
3179 10102903, [163, 61981]
3181 10115621, [43, 367, 641]
3182 10121983, [151, 67033]
3184 10134713, [43, 53, 4447]
3185 10141081, [2027, 5003]
3188 10160197, [1471, 6907]
3190 10172951, [71, 143281]
3193 10192097, [1229, 8293]
3194 10198483, [47, 97, 2237]
3198 10224047, [41, 249367]
3199 10230443, [41, 47, 5309]
3201 10243241, [71, 144271]
3207 10281683, [461, 22303]
3209 10294513, [97, 106129]
3213 10320197, [1483, 6959]
3215 10333051, [677, 15263]
3216 10339481, [797, 12973]
3217 10345913, [439, 23567]
3218 10352347, [307, 33721]
3221 10371661, [1151, 9011]
3224 10390993, [43, 241651]
3227 10410343, [43, 242101]
3229 10423253, [61, 170873]
3230 10429711, [53, 307, 641]
3231 10436171, [83, 125737]
3232 10442633, [967, 10799]
3234 10455563, [373, 28031]
3237 10474973, [53, 197641]
3238 10481447, [61, 171827]
3239 10487923, [41, 255803]
3240 10494401, [41, 255961]
3241 10500881, [47, 223423]
3242 10507363, [1601, 6563]
3243 10513847, [607, 17321]
3244 10520333, [83, 126751]
3246 10533311, [47, 224113]
3248 10546297, [461, 22877]
3249 10552793, [251, 42043]
3253 10578797, [2069, 5113]
3254 10585303, [1181, 8963]
3256 10598321, [167, 63463]
3258 10611347, [167, 63541]
3259 10617863, [1097, 9679]
3260 10624381, [547, 19423]
3261 10630901, [71, 149731]
3263 10643947, [1481, 7187]
3265 10657001, [2437, 4373]
3266 10663531, [131, 81401]
3267 10670063, [43, 248141]
3268 10676597, [1021, 10457]
3269 10683133, [113, 94541]
3270 10689671, [43, 248597]
3272 10702753, [71, 150743]
3275 10722391, [577, 18583]
3276 10728941, [173, 62017]
3277 10735493, [1259, 8527]
3278 10742047, [251, 42797]
3280 10755161, [41, 262321]
3281 10761721, [41, 199, 1319]
3283 10774847, [53, 263, 773]
3284 10781413, [379, 28447]
3285 10787981, [131, 82351]
3286 10794551, [113, 95527]
3287 10801123, [199, 54277]
3288 10807697, [47, 227, 1013]
3290 10820851, [53, 61, 3347]
3291 10827431, [97, 111623]
3293 10840597, [47, 263, 877]
3294 10847183, [1877, 5779]
3296 10860361, [227, 47843]
3298 10873547, [2741, 3967]
3299 10880143, [61, 173, 1031]
3301 10893341, [947, 11503]
3302 10899943, [1831, 5953]
3303 10906547, [709, 15383]
3305 10919761, [547, 19963]
3306 10926371, [97, 112643]
3307 10932983, [397, 27539]
3309 10946213, [1237, 8849]
3310 10952831, [43, 179, 1423]
3312 10966073, [151, 72623]
3313 10972697, [43, 255179]
3314 10979323, [83, 179, 739]
3315 10985951, [1319, 8329]
3317 10999213, [523, 21031]
3319 11012483, [1531, 7193]
3321 11025761, [41, 268921]
3322 11032403, [41, 41, 6563]
3324 11045693, [1097, 10069]
3327 11065643, [83, 133321]
3329 11078953, [947, 11699]
3331 11092271, [499, 22229]
3332 11098933, [71, 223, 701]
3333 11105597, [151, 73547]
3335 11118931, [47, 236573]
3336 11125601, [53, 209917]
3337 11132273, [197, 56509]
3338 11138947, [739, 15073]
3340 11152301, [47, 237283]
3342 11165663, [163, 68501]
3343 11172347, [53, 71, 2969]
3349 11212493, [421, 26633]
3350 11219191, [2927, 3833]
3351 11225891, [61, 184031]
3353 11239297, [43, 261379]
3355 11252711, [457, 24623]
3356 11259421, [43, 261847]
3357 11266133, [281, 40093]
3358 11272847, [2677, 4211]
3359 11279563, [223, 50581]
3360 11286281, [61, 185021]
3362 11299723, [41, 197, 1399]
3363 11306447, [41, 275767]
3366 11326631, [1201, 9431]
3367 11333363, [1493, 7591]
3369 11346833, [439, 25847]
3378 11407547, [919, 12413]
3382 11434583, [47, 113, 2153]
3384 11448113, [853, 13421]
3387 11468423, [47, 244009]
3388 11475197, [97, 281, 421]
3389 11481973, [53, 216641]
3394 11515883, [1567, 7349]
3396 11529461, [43, 53, 5059]
3397 11536253, [83, 131, 1061]
3399 11549843, [43, 113, 2377]
3403 11577047, [41, 41, 71, 97]
3404 11583853, [41, 359, 787]
3405 11590661, [3347, 3463]
3410 11624731, [83, 140057]
3411 11631551, [409, 28439]
3412 11638373, [61, 190793]
3414 11652023, [71, 164113]
3416 11665681, [131, 89051]
3418 11679347, [359, 32533]
3420 11693021, [1867, 6263]
3421 11699861, [61, 191801]
3423 11713547, [167, 70141]
3424 11720393, [1997, 5869]
3425 11727241, [167, 70223]
3426 11734091, [367, 31973]
3427 11740943, [313, 37511]
3428 11747797, [3049, 3853]
3429 11754653, [47, 383, 653]
3430 11761511, [691, 17021]
3434 11788963, [47, 250829]
3435 11795831, [607, 19433]
3439 11823323, [43, 274961]
3441 11837081, [853, 13877]
3442 11843963, [43, 53, 5197]
3443 11850847, [397, 29851]
3444 11857733, [41, 289213]
3445 11864621, [41, 289381]
3449 11892193, [53, 173, 1297]
3450 11899091, [1439, 8269]
3452 11912893, [1571, 7583]
3453 11919797, [347, 34351]
3456 11940521, [1163, 10267]
3460 11968181, [313, 38237]
3463 11988947, [151, 79397]
3465 12002801, [1019, 11779]
3466 12009731, [383, 31357]
3470 12037471, [661, 18211]
3472 12051353, [173, 69661]
3473 12058297, [61, 197677]
3474 12065243, [71, 169933]
3476 12079141, [47, 257003]
3480 12106961, [83, 199, 733]
3481 12113921, [47, 373, 691]
3482 12120883, [43, 61, 4621]
3483 12127847, [523, 23189]
3484 12134813, [151, 80363]
3485 12141781, [41, 43, 71, 97]
3486 12148751, [41, 199, 1489]
3488 12162697, [347, 35051]
3489 12169673, [179, 67987]
3490 12176651, [1091, 11161]
3493 12197597, [83, 179, 821]
3495 12211571, [53, 113, 2039]
3496 12218561, [2089, 5849]
3500 12246541, [97, 251, 503]
3501 12253541, [457, 26813]
3502 12260543, [53, 231331]
3505 12281561, [163, 75347]
3506 12288571, [1277, 9623]
3512 12330673, [113, 109121]
3515 12351751, [227, 54413]
3518 12372847, [2237, 5531]
3521 12393961, [2053, 6037]
3522 12401003, [3463, 3581]
3523 12408047, [47, 227, 1163]
3525 12422141, [43, 307, 941]
3526 12429191, [41, 303151]
3527 12436243, [41, 303323]
3528 12443297, [43, 47, 47, 131]
3529 12450353, [251, 49603]
3534 12485663, [61, 197, 1039]
3535 12492731, [593, 21067]
3537 12506873, [307, 40739]
3538 12513947, [967, 12941]
3539 12521023, [379, 33037]
3543 12549347, [61, 409, 503]
3544 12556433, [2753, 4561]
3545 12563521, [71, 176951]
3546 12570611, [263, 47797]
3547 12577703, [131, 96013]
3548 12584797, [53, 367, 647]
3554 12627403, [419, 30137]
3555 12634511, [53, 223, 1069]
3556 12641621, [71, 263, 677]
3558 12655847, [1093, 11579]
3559 12662963, [197, 64279]
3563 12691447, [83, 152909]
3565 12705701, [2861, 4441]
3566 12712831, [1049, 12119]
3567 12719963, [41, 310243]
3568 12727097, [41, 43, 7219]
3570 12741371, [47, 419, 647]
3571 12748511, [43, 296477]
3572 12755653, [3067, 4159]
3573 12762797, [2503, 5099]
3575 12777091, [47, 271853]
3576 12784241, [83, 154027]
3581 12820021, [1951, 6571]
3582 12827183, [97, 223, 593]
3584 12841513, [673, 19081]
3588 12870197, [2609, 4933]
3590 12884551, [167, 77153]
3592 12898913, [167, 77239]
3595 12920471, [61, 211811]
3597 12934853, [97, 133349]
3600 12956441, [829, 15629]
3601 12963641, [53, 244597]
3604 12985253, [61, 212873]
3606 12999671, [1663, 7817]
3607 13006883, [373, 34871]
3608 13014097, [41, 53, 53, 113]
3609 13021313, [41, 317593]
3611 13035751, [43, 303157]
3612 13042973, [1291, 10103]
3614 13057423, [43, 151, 2011]
3615 13064651, [911, 14341]
3616 13071881, [71, 184111]
3617 13079113, [47, 278279]
3619 13093583, [2579, 5077]
3622 13115303, [47, 173, 1613]
3625 13137041, [113, 116257]
3627 13151543, [71, 185233]
3630 13173311, [1459, 9029]
3634 13202363, [1399, 9437]
3635 13209631, [151, 87481]
3638 13231447, [281, 47087]
3641 13253281, [3581, 3701]
3642 13260563, [2719, 4877]
3644 13275133, [487, 27259]
3645 13282421, [173, 76777]
3646 13289711, [83, 160117]
3649 13311593, [41, 324673]
3650 13318891, [41, 563, 577]
3652 13333493, [1847, 7219]
3653 13340797, [2657, 5021]
3654 13348103, [43, 53, 5857]
3656 13362721, [61, 439, 499]
3657 13370033, [43, 310931]
3659 13384663, [83, 131, 1231]
3661 13399301, [53, 252817]
3662 13406623, [487, 27529]
3663 13413947, [379, 35393]
3664 13421273, [47, 285559]
3665 13428601, [61, 220141]
3666 13435931, [1459, 9209]
3668 13450597, [163, 179, 461]
3669 13457933, [47, 281, 1019]
3670 13465271, [563, 23917]
3672 13479953, [179, 75307]
3674 13494643, [911, 14813]
3675 13501991, [773, 17467]
3677 13516693, [2467, 5479]
3678 13524047, [131, 103237]
3679 13531403, [97, 199, 701]
3680 13538761, [787, 17203]
3682 13553483, [3313, 4091]
3685 13575581, [199, 68219]
3686 13582951, [1151, 11801]
3687 13590323, [71, 191413]
3689 13605073, [743, 18311]
3690 13612451, [41, 332011]
3691 13619831, [41, 332191]
3694 13641983, [97, 140639]
3697 13664153, [43, 317771]
3698 13671547, [71, 192557]
3699 13678943, [2689, 5087]
3700 13686341, [43, 318287]
3701 13693741, [3331, 4111]
3704 13715953, [397, 34549]
3706 13730771, [1063, 12917]
3707 13738183, [53, 259211]
3709 13753013, [461, 29833]
3711 13767851, [47, 292933]
3714 13790123, [53, 260191]
3715 13797551, [2659, 5189]
3716 13804981, [47, 293723]
3717 13812413, [61, 226433]
3720 13834721, [2003, 6907]
3721 13842161, [113, 122497]
3724 13864493, [877, 15809]
3725 13871941, [2467, 5623]
3726 13879391, [61, 227531]
3728 13894297, [1231, 11287]
3729 13901753, [83, 167491]
3731 13916671, [41, 197, 1723]
3732 13924133, [41, 339613]
3733 13931597, [2377, 5861]
3734 13939063, [2179, 6397]
3736 13954001, [1063, 13127]
3737 13961473, [1847, 7559]
3738 13968947, [113, 123619]
3740 13983901, [43, 313, 1039]
3742 13998863, [83, 227, 743]
3743 14006347, [43, 325729]
3746 14028811, [1439, 9749]
3747 14036303, [2017, 6959]
3750 14058791, [227, 61933]
3751 14066291, [251, 56041]
3753 14081297, [1123, 12539]
3755 14096311, [653, 21587]
3756 14103821, [197, 71593]
3757 14111333, [167, 84499]
3758 14118847, [47, 71, 4231]
3759 14126363, [167, 84589]
3760 14133881, [53, 266677]
3762 14148923, [3701, 3823]
3763 14156447, [47, 359, 839]
3765 14171501, [151, 93851]
3767 14186563, [53, 267671]
3769 14201633, [71, 200023]
3770 14209171, [421, 33751]
3772 14224253, [41, 346933]
3773 14231797, [41, 313, 1109]
3776 14254441, [97, 146953]
3777 14261993, [359, 39727]
3778 14269547, [61, 223, 1049]
3780 14284661, [251, 56911]
3783 14307347, [43, 332729]
3785 14322481, [1627, 8803]
3786 14330051, [43, 151, 2207]
3787 14337623, [61, 235043]
3788 14345197, [709, 20233]
3789 14352773, [839, 17107]
3790 14360351, [131, 109621]
3791 14367931, [97, 148123]
3792 14375513, [1721, 8353]
3793 14383097, [367, 39191]
3795 14398271, [173, 83227]
3800 14436241, [347, 41603]
3802 14451443, [661, 21863]
3804 14466653, [1013, 14281]
3805 14474261, [47, 223, 1381]
3806 14481871, [1423, 10177]
3807 14489483, [547, 26489]
3808 14497097, [439, 33023]
3809 14504713, [131, 263, 421]
3810 14512331, [47, 308773]
3812 14527573, [83, 383, 457]
3813 14535197, [41, 53, 6689]
3814 14542823, [41, 354703]
3815 14550451, [1361, 10691]
3818 14573347, [173, 84239]
3819 14580983, [263, 55441]
3820 14588621, [53, 409, 673]
3822 14603903, [641, 22783]
3823 14611547, [1933, 7559]
3825 14626841, [83, 176227]
3826 14634491, [43, 340337]
3827 14642143, [3181, 4603]
3829 14657453, [43, 71, 4801]
3830 14665111, [499, 29389]
3831 14672771, [163, 90017]
3832 14680433, [307, 47819]
3833 14688097, [1181, 12437]
3834 14695763, [113, 130051]
3835 14703431, [347, 42373]
3837 14718773, [1129, 13037]
3839 14734123, [61, 241543]
3840 14741801, [71, 397, 523]
3841 14749481, [1201, 12281]
3843 14764847, [3457, 4271]
3844 14772533, [307, 48119]
3847 14795603, [179, 82657]
3848 14803297, [61, 242677]
3849 14810993, [383, 38671]
3850 14818691, [607, 24413]
3851 14826391, [113, 179, 733]
3852 14834093, [47, 547, 577]
3854 14849503, [41, 373, 971]
3855 14857211, [41, 362371]
3857 14872633, [47, 316439]
3860 14895781, [2699, 5519]
3861 14903501, [2141, 6961]
3862 14911223, [829, 17987]
3866 14942131, [53, 281927]
3868 14957597, [1301, 11497]
3869 14965333, [43, 348031]
3871 14980811, [641, 23371]
3872 14988553, [43, 348571]
3873 14996297, [53, 97, 2917]
3875 15011791, [2087, 7193]
3877 15027293, [3449, 4357]
3878 15035047, [199, 75553]
3880 15050561, [1021, 14741]
3884 15081613, [199, 75787]
3885 15089381, [3823, 3947]
3888 15112697, [97, 155801]
3891 15136031, [1619, 9349]
3892 15143813, [677, 22369]
3894 15159383, [2833, 5351]
3895 15167171, [41, 83, 4457]
3896 15174961, [41, 370121]
3897 15182753, [821, 18493]
3899 15198343, [47, 323369]
3900 15206141, [61, 71, 3511]
3904 15237353, [47, 324199]
3908 15268597, [83, 183959]
3909 15276413, [61, 250433]
3910 15284231, [1933, 7907]
3911 15292051, [71, 215381]
3912 15299873, [43, 355811]
3915 15323351, [43, 367, 971]
3916 15331181, [151, 101531]
3918 15346847, [379, 40493]
3919 15354683, [53, 281, 1031]
3921 15370361, [131, 117331]
3924 15393893, [167, 92179]
3925 15401741, [2143, 7187]
3926 15409591, [53, 167, 1741]
3927 15417443, [2347, 6569]
3928 15425297, [197, 78301]
3929 15433153, [1069, 14437]
3936 15488201, [41, 377761]
3937 15496073, [41, 151, 2503]
3939 15511823, [1301, 11923]
3940 15519701, [131, 118471]
3946 15567011, [47, 331213]
3947 15574903, [113, 137831]
3950 15598591, [281, 55511]
3951 15606491, [47, 332053]
3952 15614393, [409, 38177]
3953 15622297, [197, 79301]
3955 15638111, [43, 363677]
3956 15646021, [2129, 7349]
3958 15661847, [43, 457, 797]
3960 15677681, [1489, 10529]
3961 15685601, [61, 257141]
3964 15709373, [113, 139021]
3968 15741097, [173, 90989]
3969 15749033, [227, 69379]
3970 15756971, [61, 97, 2663]
3971 15764911, [71, 222041]
3972 15772853, [53, 297601]
3973 15780797, [419, 37663]
3975 15796691, [919, 17189]
3977 15812593, [41, 227, 1699]
3978 15820547, [41, 83, 4649]
3979 15828503, [53, 298651]
3980 15836461, [373, 42457]
3982 15852383, [71, 223273]
3985 15876281, [97, 163673]
3986 15884251, [2897, 5483]
3989 15908173, [419, 37967]
3991 15924131, [83, 173, 1109]
3993 15940097, [47, 339151]
3994 15948083, [163, 97841]
3998 15980047, [43, 47, 7907]
3999 15988043, [1607, 9949]
4001 16004041, [43, 223, 1669]
4002 16012043, [251, 63793]
4003 16020047, [503, 31849]
4004 16028053, [941, 17033]
4006 16044071, [523, 30677]
4010 16076131, [3947, 4073]
4012 16092173, [709, 22697]
4013 16100197, [797, 20201]
4018 16140347, [41, 393667]
4019 16148383, [41, 393863]
4020 16156421, [2663, 6067]
4022 16172503, [61, 265123]
4023 16180547, [1831, 8837]
4025 16196641, [53, 305597]
4026 16204691, [179, 90529]
4028 16220797, [223, 72739]
4030 16236911, [179, 90709]
4031 16244971, [61, 251, 1061]
4032 16253033, [53, 306661]
4033 16261097, [701, 23197]
4035 16277231, [3301, 4931]
4036 16285301, [3371, 4831]
4037 16293373, [1607, 10139]
4040 16317601, [47, 347183]
4041 16325681, [43, 379667]
4042 16333763, [71, 379, 607]
4043 16341847, [3019, 5413]
4044 16349933, [43, 380231]
4045 16358021, [47, 348043]
4046 16366111, [503, 32537]
4047 16374203, [2437, 6719]
4049 16390393, [1867, 8779]
4052 16414693, [131, 125303]
4053 16422797, [71, 313, 739]
4054 16430903, [3253, 5051]
4056 16447121, [773, 21277]
4059 16471463, [41, 401743]
4060 16479581, [41, 113, 3557]
4061 16487701, [83, 198647]
4067 16536463, [97, 151, 1129]
4071 16569011, [131, 126481]
4072 16577153, [263, 63031]
4073 16585297, [2333, 7109]
4074 16593443, [83, 199921]
4077 16617893, [113, 199, 739]
4078 16626047, [53, 313699]
4082 16658683, [97, 263, 653]
4083 16666847, [61, 199, 1373]
4084 16675013, [43, 387791]
4085 16683181, [53, 314777]
4086 16691351, [313, 53327]
4087 16699523, [43, 47, 8263]
4088 16707697, [151, 110647]
4091 16732231, [167, 100193]
4092 16740413, [47, 61, 5839]
4093 16748597, [167, 100291]
4094 16756783, [1093, 15331]
4095 16764971, [439, 38189]
4099 16797743, [1493, 11251]
4100 16805941, [41, 409901]
4101 16814141, [41, 397, 1033]
4103 16830547, [3187, 5281]
4109 16879813, [1123, 15031]
4113 16912697, [71, 238207]
4114 16920923, [1237, 13679]
4119 16962083, [2579, 6577]
4121 16978561, [691, 24571]
4122 16986803, [359, 47317]
4124 17003293, [71, 71, 3373]
4125 17011541, [197, 86353]
4127 17028043, [43, 396001]
4128 17036297, [593, 28729]
4129 17044553, [461, 36973]
4130 17052811, [43, 396577]
4131 17061071, [53, 487, 661]
4132 17069333, [2251, 7583]
4134 17085863, [47, 363529]
4135 17094131, [1291, 13241]
4136 17102401, [359, 47639]
4137 17110673, [4073, 4201]
4138 17118947, [53, 322999]
4139 17127223, [47, 307, 1187]
4141 17143781, [41, 173, 2417]
4142 17152063, [41, 418343]
4143 17160347, [1481, 11587]
4144 17168633, [61, 83, 3391]
4147 17193503, [347, 49549]
4148 17201797, [1091, 15767]
4149 17210093, [487, 35339]
4150 17218391, [197, 87403]
4151 17226691, [307, 56113]
4153 17243297, [61, 282677]
4155 17259911, [499, 34589]
4156 17268221, [1373, 12577]
4157 17276533, [83, 163, 1277]
4160 17301481, [367, 47143]
4164 17334773, [97, 173, 1033]
4168 17368097, [1471, 11807]
4170 17384771, [43, 461, 877]
4171 17393111, [1187, 14653]
4172 17401453, [691, 25183]
4173 17409797, [43, 113, 3583]
4175 17426491, [593, 29387]
4177 17443193, [2111, 8263]
4179 17459903, [97, 179999]
4181 17476621, [47, 371843]
4182 17484983, [41, 347, 1229]
4183 17493347, [41, 131, 3257]
4184 17501713, [53, 71, 4651]
4186 17518451, [47, 372733]
4190 17551951, [113, 155327]
4191 17560331, [53, 421, 787]
4195 17593871, [71, 383, 647]
4196 17602261, [227, 77543]
4199 17627443, [967, 18229]
4200 17635841, [281, 62761]
4202 17652643, [131, 134753]
4203 17661047, [1483, 11909]
4204 17669453, [227, 77839]
4205 17677861, [61, 179, 1619]
4208 17703097, [2999, 5903]
4209 17711513, [179, 98947]
4212 17736773, [2269, 7817]
4213 17745197, [43, 563, 733]
4214 17753623, [61, 291043]
4215 17762051, [1877, 9463]
4216 17770481, [43, 413267]
4217 17778913, [647, 27479]
4218 17787347, [151, 117797]
4219 17795783, [2459, 7237]
4223 17829547, [41, 434867]
4224 17837993, [41, 223, 1951]
4225 17846441, [2351, 7591]
4227 17863343, [83, 373, 577]
4228 17871797, [47, 380251]
4229 17880253, [409, 43717]
4230 17888711, [421, 42491]
4231 17897171, [281, 63691]
4232 17905633, [383, 46751]
4233 17914097, [47, 563, 677]
4237 17947973, [53, 397, 853]
4238 17956447, [2699, 6653]
4239 17964923, [151, 118973]
4240 17973401, [83, 83, 2609]
4244 18007333, [53, 339761]
4247 18032803, [439, 41077]
4248 18041297, [947, 19051]
4251 18066791, [223, 81017]
4253 18083797, [251, 72047]
4255 18100811, [71, 254941]
4256 18109321, [43, 421147]
4257 18117833, [673, 26921]
4258 18126347, [167, 108541]
4259 18134863, [43, 421741]
4260 18143381, [167, 108643]
4261 18151901, [97, 187133]
4263 18168947, [2659, 6833]
4264 18177473, [41, 443353]
4265 18186001, [41, 443561]
4266 18194531, [61, 71, 4201]
4268 18211597, [2111, 8627]
4269 18220133, [457, 39869]
4275 18271391, [47, 61, 6373]
4276 18279941, [97, 199, 947]
4278 18297047, [1259, 14533]
4279 18305603, [3853, 4751]
4280 18314161, [47, 389663]
4282 18331283, [199, 251, 367]
4286 18365551, [113, 162527]
4288 18382697, [3229, 5693]
4289 18391273, [1021, 18013]
4290 18399851, [53, 347167]
4293 18425597, [2003, 9199]
4294 18434183, [853, 21611]
4297 18459953, [53, 379, 919]
4299 18477143, [43, 429701]
4301 18494341, [1013, 18257]
4302 18502943, [43, 43, 10007]
4303 18511547, [113, 163819]
4304 18520153, [1447, 12799]
4305 18528761, [41, 451921]
4306 18537371, [41, 452131]
4310 18571831, [83, 223757]
4311 18580451, [3137, 5923]
4314 18606323, [131, 173, 821]
4316 18623581, [3089, 6029]
4317 18632213, [3833, 4861]
4319 18649483, [2657, 7019]
4320 18658121, [163, 114467]
4322 18675403, [47, 197, 2017]
4323 18684047, [83, 225109]
4326 18709991, [71, 263521]
4327 18718643, [47, 61, 6529]
4329 18735953, [499, 37547]
4330 18744611, [1031, 18181]
4333 18770597, [131, 143287]
4334 18779263, [1297, 14479]
4335 18787931, [263, 71437]
4336 18796601, [61, 308141]
4337 18805273, [71, 173, 1531]
4340 18831301, [3461, 5441]
4342 18848663, [43, 438341]
4343 18857347, [53, 355799]
4345 18874721, [43, 263, 1669]
4346 18883411, [41, 460571]
4347 18892103, [41, 197, 2339]
4350 18918191, [53, 356947]
4351 18926891, [1627, 11633]
4352 18935593, [1361, 13913]
4353 18944297, [373, 50789]
4354 18953003, [547, 34649]
4356 18970421, [1097, 17293]
4358 18987847, [97, 195751]
4360 19005281, [2203, 8627]
4361 19014001, [409, 46489]
4363 19031447, [523, 36389]
4366 19057631, [313, 60887]
4369 19083833, [47, 151, 2689]
4372 19110053, [1151, 16603]
4373 19118797, [97, 197101]
4374 19127543, [47, 406969]
4379 19171303, [1447, 13249]
4380 19180061, [701, 27361]
4384 19215113, [179, 107347]
4385 19223881, [43, 447067]
4387 19241423, [41, 469303]
4388 19250197, [41, 43, 61, 179]
4390 19267751, [151, 127601]
4392 19285313, [419, 46027]
4393 19294097, [83, 232459]
4396 19320461, [53, 364537]
4397 19329253, [61, 71, 4463]
4399 19346843, [113, 313, 547]
4403 19382047, [53, 365699]
4404 19390853, [1571, 12343]
4406 19408471, [83, 233837]
4408 19426097, [71, 419, 653]
4411 19452551, [3607, 5393]
4415 19487851, [457, 42643]
4416 19496681, [47, 113, 3671]
4421 19540861, [47, 379, 1097]
4422 19549703, [1229, 15907]
4423 19558547, [227, 86161]
4425 19576241, [167, 117223]
4427 19593943, [167, 117329]
4428 19602797, [41, 43, 11119]
4429 19611653, [41, 577, 829]
4431 19629371, [43, 227, 2011]
4432 19638233, [743, 26431]
4435 19664831, [1181, 16651]
4442 19726963, [1567, 12589]
4444 19744733, [1613, 12241]
4445 19753621, [131, 150791]
4446 19762511, [307, 64373]
4447 19771403, [223, 88661]
4448 19780297, [773, 25589]
4449 19789193, [53, 61, 6121]
4451 19806991, [3643, 5437]
4453 19824797, [2203, 8999]
4455 19842611, [97, 204563]
4456 19851521, [53, 374557]
4457 19860433, [607, 32719]
4458 19869347, [61, 307, 1061]
4461 19896101, [3119, 6379]
4463 19913947, [47, 641, 661]
4464 19922873, [131, 152083]
4466 19940731, [941, 21191]
4467 19949663, [787, 25349]
4468 19958597, [47, 71, 5981]
4469 19967533, [41, 487013]
4470 19976471, [41, 97, 5023]
4471 19985411, [43, 464777]
4474 20012243, [43, 223, 2087]
4475 20021191, [199, 100609]
4476 20030141, [83, 241327]
4479 20057003, [71, 282493]
4481 20074921, [199, 281, 359]
4482 20083883, [1381, 14543]
4483 20092847, [163, 123269]
4484 20101813, [1019, 19727]
4485 20110781, [743, 27067]
4487 20128723, [173, 116351]
4489 20146673, [83, 242731]
4493 20182597, [673, 29989]
4494 20191583, [347, 58189]
4495 20200571, [359, 56269]
4497 20218553, [709, 28517]
4498 20227547, [397, 50951]
4501 20254541, [4091, 4951]
4502 20263543, [53, 382331]
4504 20281553, [251, 80803]
4505 20290561, [967, 20983]
4506 20299571, [503, 40357]
4509 20326613, [53, 383521]
4510 20335631, [41, 47, 61, 173]
4511 20344651, [41, 496211]
4512 20353673, [113, 281, 641]
4514 20371723, [43, 473761]
4515 20380751, [47, 433633]
4516 20389781, [2719, 7499]
4517 20398813, [43, 474391]
4519 20416883, [61, 197, 1699]
4520 20425921, [151, 135271]
4522 20444003, [4111, 4973]
4526 20480191, [911, 22481]
4527 20489243, [367, 55829]
4529 20507353, [113, 347, 523]
4530 20516411, [4463, 4597]
4531 20525471, [1523, 13477]
4533 20543597, [251, 81847]
4534 20552663, [439, 46817]
4536 20570801, [1259, 16339]
4539 20598023, [71, 290113]
4540 20607101, [1889, 10909]
4541 20616181, [151, 136531]
4544 20643433, [197, 104789]
4546 20661611, [1237, 16703]
4547 20670703, [2297, 8999]
4549 20688893, [503, 41131]
4550 20697991, [71, 291521]
4551 20707091, [41, 505051]
4552 20716193, [41, 97, 5209]
4555 20743511, [53, 391387]
4557 20761733, [43, 47, 10273]
4559 20779963, [83, 250361]
4560 20789081, [43, 483467]
4561 20798201, [2129, 9769]
4562 20807323, [47, 53, 8353]
4563 20816447, [179, 116293]
4565 20834701, [1997, 10433]
4567 20852963, [97, 179, 1201]
4569 20871233, [677, 30829]
4571 20889511, [61, 342451]
4572 20898653, [83, 251791]
4573 20907797, [1039, 20123]
4576 20935241, [131, 159811]
4578 20953547, [383, 54709]
4580 20971861, [61, 343801]
4581 20981021, [1091, 19231]
4583 20999347, [3677, 5711]
4584 21008513, [733, 28661]
4585 21017681, [911, 23071]
4590 21063551, [461, 45691]
4592 21081913, [41, 167, 3079]
4593 21091097, [41, 514417]
4594 21100283, [167, 126349]
4595 21109471, [131, 161141]
4598 21137047, [263, 80369]
4600 21155441, [43, 373, 1319]
4601 21164641, [877, 24133]
4602 21173843, [839, 25237]
4603 21183047, [43, 492629]
4604 21192253, [47, 450899]
4606 21210671, [2833, 7487]
4608 21229097, [53, 263, 1523]
4609 21238313, [47, 451879]
4610 21247531, [71, 299261]
4612 21265973, [421, 50513]
4615 21293651, [53, 383, 1049]
4618 21321347, [487, 43781]
4619 21330583, [1163, 18341]
4621 21349061, [71, 300691]
4624 21376793, [1069, 19997]
4625 21386041, [113, 189257]
4628 21413797, [839, 25523]
4631 21441571, [461, 46511]
4632 21450833, [61, 351653]
4633 21460097, [41, 523417]
4634 21469363, [41, 397, 1319]
4636 21487901, [487, 44123]
4637 21497173, [3967, 5419]
4638 21506447, [409, 52583]
4641 21534281, [61, 353021]
4642 21543563, [83, 113, 2297]
4643 21552847, [43, 501229]
4646 21580711, [43, 163, 3079]
4647 21590003, [3881, 5563]
4648 21599297, [2143, 10079]
4649 21608593, [97, 367, 607]
4650 21617891, [227, 95233]
4651 21627191, [47, 421, 1093]
4654 21655103, [499, 43397]
4655 21664411, [83, 261017]
4656 21673721, [47, 461143]
4658 21692347, [227, 95561]
4659 21701663, [1471, 14753]
4660 21710981, [173, 125497]
4661 21720301, [53, 409817]
4662 21729623, [2039, 10657]
4664 21748273, [97, 224209]
4665 21757601, [4597, 4733]
4668 21785597, [53, 411049]
4670 21804271, [223, 97777]
4671 21813611, [151, 144461]
4672 21822953, [1949, 11197]
4674 21841643, [41, 199, 2677]
4675 21850991, [41, 532951]
4676 21860341, [379, 57679]
4679 21888403, [313, 69931]
4680 21897761, [199, 110039]
4681 21907121, [71, 308551]
4683 21925847, [173, 126739]
4686 21953951, [43, 439, 1163]
4688 21972697, [1019, 21563]
4689 21982073, [43, 511211]
4691 22000831, [829, 26539]
4692 22010213, [71, 151, 2053]
4693 22019597, [61, 360977]
4696 22047761, [1483, 14867]
4697 22057153, [223, 98911]
4698 22066547, [47, 469501]
4700 22085341, [4271, 5171]
4702 22104143, [61, 362363]
4703 22113547, [47, 470501]
4704 22122953, [2141, 10333]
4705 22132361, [4231, 5231]
4706 22141771, [2897, 7643]
4707 22151183, [131, 169093]
4710 22179431, [1663, 13337]
4712 22198273, [313, 70921]
4714 22217123, [53, 419191]
4715 22226551, [41, 542111]
4716 22235981, [41, 197, 2753]
4718 22254847, [821, 27107]
4721 22283161, [53, 593, 709]
4725 22320941, [83, 268927]
4726 22330391, [131, 373, 457]
4727 22339843, [3559, 6277]
4729 22358753, [43, 519971]
4731 22377671, [2549, 8779]
4732 22387133, [43, 520631]
4733 22396597, [1423, 15739]
4734 22406063, [701, 31963]
4735 22415531, [653, 34327]
4738 22443947, [83, 113, 2393]
4741 22472381, [197, 114073]
4742 22481863, [179, 125597]
4744 22500833, [1481, 15193]
4745 22510321, [47, 478943]
4746 22519811, [97, 179, 1297]
4747 22529303, [4159, 5417]
4750 22557791, [47, 479953]
4751 22567291, [3329, 6779]
4752 22576793, [71, 317983]
4753 22586297, [307, 73571]
4754 22595803, [61, 370423]
4755 22605311, [113, 251, 797]
4756 22614821, [41, 551581]
4757 22624333, [41, 551813]
4759 22643363, [167, 135589]
4761 22662401, [97, 167, 1399]
4762 22671923, [281, 80683]
4763 22681447, [61, 71, 5237]
4764 22690973, [1601, 14173]
4765 22700501, [307, 73943]
4767 22719563, [53, 428671]
4768 22729097, [593, 38329]
4769 22738633, [1063, 21391]
4770 22748171, [409, 55619]
4772 22767253, [43, 529471]
4774 22786343, [53, 429931]
4775 22795891, [43, 530137]
4776 22805441, [563, 40507]
4777 22814993, [3307, 6899]
4779 22834103, [1039, 21977]
4780 22843661, [1741, 13121]
4783 22872347, [1277, 17911]
4784 22881913, [251, 91163]
4788 22920197, [3719, 6163]
4790 22939351, [2999, 7649]
4792 22958513, [47, 661, 739]
4793 22968097, [281, 81737]
4796 22996861, [563, 40847]
4797 23006453, [41, 47, 11939]
4798 23016047, [41, 561367]
4799 23025643, [1063, 21661]
4800 23035241, [379, 60779]
4802 23054443, [4733, 4871]
4804 23073653, [577, 39989]
4808 23112097, [83, 278459]
4809 23121713, [163, 141851]
4810 23131331, [797, 29023]
4811 23140951, [419, 55229]
4812 23150573, [691, 33503]
4814 23169823, [1721, 13463]
4815 23179451, [43, 61, 8837]
4816 23189081, [739, 31379]
4817 23198713, [1013, 22901]
4818 23208347, [43, 539729]
4820 23227621, [53, 53, 8269]
4821 23237261, [83, 279967]
4822 23246903, [151, 153953]
4823 23256547, [71, 327557]
4824 23266193, [61, 381413]
4825 23275841, [971, 23971]
4827 23295143, [53, 419, 1049]
4828 23304797, [499, 46703]
4829 23314453, [773, 30161]
4830 23324111, [3343, 6977]
4833 23353097, [173, 134989]
4834 23362763, [71, 329053]
4835 23372431, [2393, 9767]
4837 23391773, [1151, 20323]
4838 23401447, [41, 131, 4357]
4839 23411123, [41, 47, 12149]
4840 23420801, [359, 65239]
4841 23430481, [347, 67523]
4842 23440163, [647, 36229]
4843 23449847, [97, 151, 1601]
4844 23459533