[3, 43, 13, 3, 73, 13, 3, 2131, 157, 3, 7, 1327, 3, 523, 3, 127, 7, 3, 3307, 67, 3, 2221, 3, 31, 1237, 3, 13, 3, 7, 241, 3, 19, 127, 3, 7, 3, 421, 13, 3, 19, 13, 3, 37, 37, 3, 43, 61, 3, 7, 19, 3, 859, 31, 3, 919, 7, 3, 97, 19, 3, 4159, 3, 13, 3, 13, 181, 3, 7, 487, 3, 67, 73, 3, 1699, 7, 3, 2473, 13, 3, 3, 151, 1747, 3, 19, 43, 3, 7, 2053, 3, 211, 3547, 3, 19, 7, 3, 31, 6037, 3, 13, 3, 13, 19, 3, 349, 3, 7, 181, 3, 31, 13, 3, 37, 7, 3, 3, 3, 43, 3229, 3, 1033, 31, 3, 7, 3, 1429, 307, 3, 7, 3, 13, 97, 3, 13, 31, 3, 283, 3, 67, 3, 7, 13, 3, 13, 3, 193, 7, 3, 61, 19, 3, 3, 61, 43, 3, 19, 3, 7, 3, 3, 13, 7, 3, 13, 3, 3, 109, 37, 3, 31, 13, 3, 7, 13, 3, 307, 4447, 3, 19, 7, 3, 3, 31, 3, 19, 3, 3, 7, 43, 3, 13, 19, 3, 13, 7, 3, 1399, 3, 37, 19, 3, 1579, 13, 3, 1777, 13, 3, 7, 31, 3, 3229, 4933, 3, 7, 3, 139, 3, 937, 3, 1303, 3, 43, 367, 3, 7, 2539, 3, 13, 3, 37, 7, 3, 19, 3, 13, 3, 67, 13, 3, 1117, 19, 3, 7, 7489, 3, 3, 31, 7, 3, 631, 3, 73, 3, 7219, 1609, 3, 13, 43, 3, 7, 37, 3, 43, 211, 3, 1777, 7, 3, 13, 3, 211, 13, 3, 19, 31, 3, 157, 661, 3, 7, 3049, 3, 19, 3, 193, 7, 3, 31, 3, 19, 3, 13, 3, 13, 67, 3, 7, 19, 3, 61, 43, 3, 97, 7, 3, 61, 13, 3, 1399, 3, 6547, 3, 163, 673, 3, 7, 3, 1093, 877, 3, 229, 7, 3, 19, 283, 3, 13, 37, 3, 13, 6277, 3, 19, 3, 7, 139, 3, 13, 3, 5851, 7, 3, 31, 3, 199, 3, 571, 19, 3, 487, 3, 7, 61, 3, 2677, 31, 3, 73, 7, 3, 13, 3, 13, 67, 3, 937, 3, 1279, 31, 3, 7, 13, 3, 19, 13, 3, 43, 7, 3, 1933, 3, 19, 3, 373, 5419, 3, 79, 97, 3, 7, 19, 3, 37, 3, 13, 7, 3, 13, 19, 3, 613, 2089, 3, 3037, 3, 6247, 13, 3, 7, 13, 3, 31, 3, 67, 7, 3, 439, 223, 3, 3079, 4663, 3, 1627, 73, 3, 19, 37, 3, 7, 619, 3, 13, 3, 13]
         2734 function calls in 0.301 seconds

   Ordered by: standard name

   ncalls  tottime  percall  cumtime  percall filename:lineno(function)
        1    0.011    0.011    0.301    0.301 primefactorization.py:1(<module>)
      433    0.046    0.000    0.047    0.000 primefactorization.py:21(only_first_factor)
      500    0.242    0.000    0.243    0.000 primefactorization.py:4(isPrime)
      933    0.001    0.000    0.001    0.000 {math.sqrt}
      866    0.002    0.000    0.002    0.000 {method 'append' of 'list' objects}
        1    0.000    0.000    0.000    0.000 {method 'disable' of '_lsprof.Profiler' objects}


